Authors,afiliacion_primer_autor,Cantidad
A. -L. Lamprecht; T. Margaria; C. McInerney,Chile,1
A. -M. Olteţeanu; Z. Falomir; C. Freksa,UK,1
A. A. Jumana; J. G. Umboh; K. I Ketut Dharma Wijaya; A. A. S. Gunawan; K. E. Saputra,Japan,1
A. A. Souza; T. S. Barcelos; R. Munoz; I. F. Silveira; N. Omar; L. A. Silva,Brazil,1
A. A. de Souza; T. S. Barcelos; R. Munoz; R. Villarroel; L. A. Silva,Italy,1
A. Aggarwal; C. Gardner-McCune,Chile,1
A. Agudo; J. M. M. Montiel; B. Calvo; F. Moreno-Noguer,France,1
A. Ala-Kitula; K. Talvitie-Lamberg; P. Tyrväinen; M. Silvennoinen,USA,1
A. Alam,Italy,1
A. Aroonsiwagool; S. Tuntiwongwanich,Japan,1
A. Banic; R. Gamboa,India,1
A. Barbosa Raposo; H. P. Curasma,Canada,1
A. Barrett; N. Zhang; F. Ke; J. Moon; Z. Sokolikj,Germany,1
A. Barus; I. Liem; T. Sihombing; A. Sinaga; E. Sinambela; S. Silalahi,USA,1
A. Bauer; E. Butler; Z. Popović,Mexico,1
A. C. M. Fong; M. Usman,Germany,1
A. D. F. Pérez; G. M. Valladares,Canada,1
A. Dasgupta; S. Purzer,Argentina,1
A. De Oliveira Costa Junior; J. P. F. Lima e Silva; J. A. Rivera; E. B. Guedes,France,1
A. De Santo; J. C. Farah; M. L. Martínez; A. Moro; K. Bergram; A. K. Purohit; P. Felber; D. Gillet; A. Holzer,Argentina,1
A. De Zeeuw; T. Craig; H. S. You,Argentina,1
A. Dengel,Chile,1
A. E. Johnson,India,1
A. Eguíluz; M. Guenaga; P. Garaizar; C. Olivares-Rodríguez,Canada,1
A. Espinal; C. Vieira; A. J. Magana,UK,1
A. F. Farias; D. Augusto Couto Barone,France,1
A. Funke; M. Berges; P. Hubwieser,UK,1
A. Gardeli; S. Vosinakis,France,1
A. Gerosa; V. Koleszar; L. Gómez-Sena; G. Tejera; A. Carboni,Brazil,1
A. Gomez De Silva Garza; E. Cambria; R. Perez y Perez,Italy,1
A. Gonzalez-Torres; E. Ramirez-Trejos; L. Sancho-Chavarria; J. Navas-Su; C. Garita; J. Monge-Fallas,Argentina,1
A. Gonzalez-Torres; L. Sancho-Chavarria; M. Zuniga-Cespedes; J. Monge-Fallas; J. Navas-Su,Australia,1
A. H. Abdullah; M. A. Othman; N. Ismail; S. N. S. A. Rahman; M. Mokhtar; N. M. Zaid,Mexico,1
A. Han,USA,1
A. Iqbal; H. van der Heijden; M. Guid; A. Makhmali,China,1
A. Isvik; V. Cateté; T. Barnes,USA,1
A. J. Magana; J. I. Mathur,Spain,1
A. J. Magana; P. Marepalli; J. V. Clark,Spain,1
A. J. Moye; M. K. van Vugt,Germany,1
A. Jung; J. Park; A. Ahn; M. Yun,UK,1
A. K. Ng; I. Atmosukarto; J. K. Lee Teo; A. B. Amran,USA,1
A. K. Ng; I. Atmosukarto; W. S. Cheow; K. Avnit; M. H. Yong,Brazil,1
A. K. Ng; R. Mahkeswaran,UK,1
A. Karci,Argentina,1
A. Kosorukoff,Mexico,1
A. Krakowski; E. Greenwald; M. Comstock; N. Roman; J. Duke,Brazil,1
A. Kumari; V. K. Garg,Italy,1
A. L. Graves; A. D. Light,Australia,1
A. L. S. O. Araujo; J. S. Santos; W. L. Andrade; D. D. S. Guerrero; V. Dagienė,Chile,1
A. L. S. O. de Araujo; W. L. Andrade; D. D. Serey Guerrero,Canada,1
A. L. S. Oliveira; W. L. Andrade; D. D. S. Guerrero; M. R. A. Melo,Chile,1
A. Layne; P. DeFreitas; J. Marks; R. Lackhan,Brazil,1
A. Lungeanu; S. Sullivan; U. Wilensky; N. S. Contractor,India,1
A. M. Laime-Choque; J. G. Mamani-Calcina; H. Cardona-Reyes; M. D. P. Ponce-Aranibar; C. G. Vera-Vasquez; S. Espinoza-Suarez,France,1
A. M. Seoane Pardo,Chile,1
A. M. d. S. Esteves; A. L. M. Santana; R. Lyra,India,1
A. Malizia; D. Fogli; F. Danesi; T. Turchi; D. Bell,Argentina,1
A. Malizia; T. Turchi; K. A. Olsen,Japan,1
A. Minamide; K. Takemata; H. Yamada,China,1
A. Mohan; S. Lu; K. Zhang,France,1
A. Muñoz del Castillo; M. A. Muñoz; L. C. Acosta Huertas; E. Herrera; J. Jimenez Toledo; D. X. Ramos,Chile,1
A. N. A. Nuar; M. Z. A. Rozan,Spain,1
A. N. A. Nuar; M. Z. A. Rozan; M. Bahari,China,1
A. N. Tak; J. Gratch,Argentina,1
A. Nandgaonkar; S. B. Mane; V. Khatavkar,Germany,1
A. Ouaazki; K. Bergram; A. Holzer,France,1
A. P. Ambrósio; C. Xavier; F. Georges,China,1
A. Pears; M. Tedre; T. Valtonen; H. Vartiainen,Argentina,1
A. Peel; J. Fulton; E. Pontelli,Canada,1
A. Q. Gates; E. Q. Villa; S. Hug; C. Convertino; J. Strobel,Argentina,1
A. Repenning; A. Basawapatna; N. Escherle,UK,1
A. Repenning; D. C. Webb; C. Brand; F. Gluck; R. Grover; S. Miller; H. Nickerson; M. Song,USA,1
A. Rojas-López; F. J. García-Peñalvo,Mexico,1
A. Samanta; Y. Li,France,1
A. Sanjab; W. Saad,USA,1
A. Scaico; W. P. Ferreira; E. M. Alves; P. D. Scaico,UK,1
A. Sha; A. R. Inture; J. Joseph; P. P. M. Nair; M. J. Sheeba; A. T,Argentina,1
A. Takahashi; H. Shiina; N. Kobayashi,Mexico,1
A. Tiwari; A. K. Singh; S. K. Pandey; R. Chaturvedi; A. Chatterjee,France,1
A. Trory,France,1
A. V. Aho,Japan,1
A. Xenakis; C. Xenakis; S. Psycharis; K. Kalovrektis,India,1
A. Xenakis; M. Avramouli; M. Sabani; I. Savvas; C. Chaikalis; K. Theodoropoulou,Canada,1
A. Xenakis; M. Sabani; M. Avramouli; I. Savvas; C. Chaikalis; K. Theodoropoulou,Australia,1
A. Yorita; S. Egerton; C. Chan; N. Kubota,Italy,1
A. Zhang; G. Hou; Z. Wang,Spain,1
Abai D.S.A.; Hamli H.,Canada,1
Abdullah; Ahmad S.; Albalawi W.; Omer N.,Argentina,1
"Abelson, Hal",Canada,1
"Abreu, L\'{u}cia and Pires, Ana Cristina and Guerreiro, Tiago",USA,1
Adhikari S.; Nath S.; Sen T.; Raza R.; Sahin O.; Eftekhari-Sis B.; Mahmoudi G.; Borah P.; Verma A.K.; Safin D.A.,Japan,1
Adéoti O.M.; Agbla S.; Diop A.; Glèlè Kakaï R.,Italy,1
"Agbo, Friday Joseph and Oyelere, Solomon Sunday and Suhonen, Jarkko and Adewumi, Sunday",Italy,1
"Aggarwal, Ashish and Gardner-McCune, Christina and Touretzky, David S.",Brazil,1
Ahmad D.S.N.A.; Fatah F.A.; Saili A.R.; Saili J.; Hamzah N.M.; Nor R.C.M.; Omar Z.; Ghali M.,Germany,1
"Aho, Alfred V.",Canada,1
"Akram, Bita and Min, Wookhee and Wiebe, Eric and Mott, Bradford and Boyer, Kristy Elizabeth and Lester, James",Japan,1
Al-Azzawi A.; Hussein M.K.,Japan,1
"Alegre, Fernando and Underwoood, John and Moreno, Juana and Alegre, Mario",France,1
"Allen, Meghan",Italy,1
"An, Min",Japan,1
"Araujo, Ana Liz Souto O. and Andrade, Wilkerson L. and Guerrero, Dalton D. Serey and Melo, Monilly Ramos Araujo",Australia,1
"Armoni, Michal",Germany,1
"Arndt, Nicolas and Br\""{u}ckmann, Maja",China,1
"Arnold, Ruedi and Amstalden, Barbara and Bader, J\""{o}rg",Germany,1
"Arslanyilmaz, Abdurrahman and Corpier, Kendra",Spain,1
"Asbell-Clarke, Jodi and Robillard, Tara and Edwards, Teon and Bardar, Erin and Weintrop, David and Grover, Shuchi and Israel, Maya",Argentina,1
Atasever-Arslan B.; Kaya B.; Şahin O.; Ülküseven B.,Italy,1
Atipaga U.-F.; Alagidede I.; Tweneboah G.,Brazil,1
Author 0,Chile,1
Author 1,Mexico,1
Author 10,Brazil,1
Author 100,Japan,1
Author 101,China,1
Author 102,Germany,1
Author 103,Japan,1
Author 104,Japan,1
Author 105,Argentina,1
Author 106,Germany,1
Author 107,Spain,1
Author 108,Spain,1
Author 109,UK,1
Author 11,Argentina,1
Author 110,UK,1
Author 111,USA,1
Author 112,Italy,1
Author 113,UK,1
Author 114,Italy,1
Author 115,India,1
Author 116,Canada,1
Author 117,Chile,1
Author 118,Japan,1
Author 119,Germany,1
Author 12,UK,1
Author 120,China,1
Author 121,UK,1
Author 122,Mexico,1
Author 123,Spain,1
Author 124,Mexico,1
Author 125,Italy,1
Author 126,India,1
Author 127,Brazil,1
Author 128,USA,1
Author 129,Germany,1
Author 13,Canada,1
Author 130,France,1
Author 131,Japan,1
Author 132,Spain,1
Author 133,France,1
Author 134,India,1
Author 135,USA,1
Author 136,Canada,1
Author 137,Chile,1
Author 138,France,1
Author 139,Australia,1
Author 14,USA,1
Author 140,India,1
Author 141,Mexico,1
Author 142,Brazil,1
Author 143,France,1
Author 144,Brazil,1
Author 145,Argentina,1
Author 146,UK,1
Author 147,Japan,1
Author 148,China,1
Author 149,Japan,1
Author 15,Spain,1
Author 150,France,1
Author 151,Japan,1
Author 152,India,1
Author 153,Canada,1
Author 154,Canada,1
Author 155,Germany,1
Author 156,Canada,1
Author 157,USA,1
Author 158,Germany,1
Author 159,Argentina,1
Author 16,Germany,1
Author 160,Brazil,1
Author 161,Canada,1
Author 162,Chile,1
Author 163,France,1
Author 164,France,1
Author 165,Germany,1
Author 166,Mexico,1
Author 167,India,1
Author 168,China,1
Author 169,USA,1
Author 17,Brazil,1
Author 170,Japan,1
Author 171,Chile,1
Author 172,India,1
Author 173,UK,1
Author 174,USA,1
Author 175,Italy,1
Author 176,Mexico,1
Author 177,Mexico,1
Author 178,Argentina,1
Author 179,Germany,1
Author 18,Italy,1
Author 180,Australia,1
Author 181,Spain,1
Author 182,France,1
Author 183,Spain,1
Author 184,Canada,1
Author 185,Mexico,1
Author 186,Chile,1
Author 187,Argentina,1
Author 188,China,1
Author 189,Italy,1
Author 19,Brazil,1
Author 190,Chile,1
Author 191,France,1
Author 192,China,1
Author 193,Spain,1
Author 194,USA,1
Author 195,UK,1
Author 196,Canada,1
Author 197,Brazil,1
Author 198,USA,1
Author 199,Germany,1
Author 2,Mexico,1
Author 20,UK,1
Author 200,China,1
Author 201,UK,1
Author 202,Chile,1
Author 203,Germany,1
Author 204,UK,1
Author 205,Canada,1
Author 206,India,1
Author 207,UK,1
Author 208,Japan,1
Author 209,Australia,1
Author 21,Argentina,1
Author 210,Mexico,1
Author 211,Japan,1
Author 212,Canada,1
Author 213,USA,1
Author 214,Spain,1
Author 215,Canada,1
Author 216,Germany,1
Author 217,India,1
Author 218,UK,1
Author 219,France,1
Author 22,Spain,1
Author 220,USA,1
Author 221,France,1
Author 222,France,1
Author 223,Spain,1
Author 224,UK,1
Author 225,Chile,1
Author 226,China,1
Author 227,China,1
Author 228,UK,1
Author 229,Spain,1
Author 23,Germany,1
Author 230,Italy,1
Author 231,India,1
Author 232,Germany,1
Author 233,Chile,1
Author 234,China,1
Author 235,USA,1
Author 236,Spain,1
Author 237,USA,1
Author 238,Mexico,1
Author 239,Italy,1
Author 24,Canada,1
Author 240,Brazil,1
Author 241,India,1
Author 242,Italy,1
Author 243,USA,1
Author 244,Spain,1
Author 245,Italy,1
Author 246,France,1
Author 247,Spain,1
Author 248,Argentina,1
Author 249,Canada,1
Author 25,Mexico,1
Author 250,Canada,1
Author 251,Germany,1
Author 252,UK,1
Author 253,Chile,1
Author 254,Mexico,1
Author 255,Japan,1
Author 256,UK,1
Author 257,India,1
Author 258,Brazil,1
Author 259,Mexico,1
Author 26,Mexico,1
Author 260,Germany,1
Author 261,China,1
Author 262,India,1
Author 263,Brazil,1
Author 264,France,1
Author 265,Spain,1
Author 266,Mexico,1
Author 267,Japan,1
Author 268,Japan,1
Author 269,UK,1
Author 27,Brazil,1
Author 270,UK,1
Author 271,Argentina,1
Author 272,USA,1
Author 273,Spain,1
Author 274,China,1
Author 275,Canada,1
Author 276,Canada,1
Author 277,Canada,1
Author 278,USA,1
Author 279,USA,1
Author 28,France,1
Author 280,Argentina,1
Author 281,China,1
Author 282,USA,1
Author 283,UK,1
Author 284,Canada,1
Author 285,Canada,1
Author 286,Germany,1
Author 287,Canada,1
Author 288,UK,1
Author 289,Italy,1
Author 29,Argentina,1
Author 290,Australia,1
Author 291,Germany,1
Author 292,France,1
Author 293,China,1
Author 294,USA,1
Author 295,Germany,1
Author 296,Canada,1
Author 297,India,1
Author 298,India,1
Author 299,Chile,1
Author 3,Chile,1
Author 30,France,1
Author 300,France,1
Author 301,Canada,1
Author 302,UK,1
Author 303,Germany,1
Author 304,Spain,1
Author 305,Italy,1
Author 306,Chile,1
Author 307,Australia,1
Author 308,China,1
Author 309,Chile,1
Author 31,Germany,1
Author 310,Brazil,1
Author 311,Italy,1
Author 312,China,1
Author 313,Italy,1
Author 314,Australia,1
Author 315,Brazil,1
Author 316,Canada,1
Author 317,USA,1
Author 318,Brazil,1
Author 319,France,1
Author 32,Mexico,1
Author 320,China,1
Author 321,Canada,1
Author 322,Brazil,1
Author 323,Australia,1
Author 324,India,1
Author 325,Mexico,1
Author 326,Australia,1
Author 327,Argentina,1
Author 328,Italy,1
Author 329,China,1
Author 33,Spain,1
Author 330,India,1
Author 331,UK,1
Author 332,India,1
Author 333,UK,1
Author 334,Brazil,1
Author 335,Canada,1
Author 336,Chile,1
Author 337,China,1
Author 338,Australia,1
Author 339,UK,1
Author 34,Italy,1
Author 340,Chile,1
Author 341,Spain,1
Author 342,Canada,1
Author 343,India,1
Author 344,Australia,1
Author 345,China,1
Author 346,France,1
Author 347,Spain,1
Author 348,Chile,1
Author 349,Germany,1
Author 35,UK,1
Author 350,Chile,1
Author 351,Argentina,1
Author 352,India,1
Author 353,Italy,1
Author 354,France,1
Author 355,Italy,1
Author 356,Brazil,1
Author 357,Mexico,1
Author 358,Argentina,1
Author 359,Mexico,1
Author 36,Germany,1
Author 360,Canada,1
Author 361,China,1
Author 362,Italy,1
Author 363,Mexico,1
Author 364,Canada,1
Author 365,USA,1
Author 366,Brazil,1
Author 367,UK,1
Author 368,China,1
Author 369,Canada,1
Author 37,Spain,1
Author 370,China,1
Author 371,USA,1
Author 372,Argentina,1
Author 373,Germany,1
Author 374,Australia,1
Author 375,UK,1
Author 376,Mexico,1
Author 377,Japan,1
Author 378,India,1
Author 379,Australia,1
Author 38,Mexico,1
Author 380,India,1
Author 381,Brazil,1
Author 382,Chile,1
Author 383,Italy,1
Author 384,Japan,1
Author 385,Italy,1
Author 386,Germany,1
Author 387,UK,1
Author 388,USA,1
Author 389,France,1
Author 39,USA,1
Author 390,Argentina,1
Author 391,USA,1
Author 392,Brazil,1
Author 393,Italy,1
Author 394,Australia,1
Author 395,Spain,1
Author 396,India,1
Author 397,Japan,1
Author 398,USA,1
Author 399,Brazil,1
Author 4,Japan,1
Author 40,Chile,1
Author 400,Chile,1
Author 401,France,1
Author 402,France,1
Author 403,Brazil,1
Author 404,Mexico,1
Author 405,India,1
Author 406,China,1
Author 407,USA,1
Author 408,China,1
Author 409,France,1
Author 41,Argentina,1
Author 410,Italy,1
Author 411,Australia,1
Author 412,Brazil,1
Author 413,China,1
Author 414,India,1
Author 415,France,1
Author 416,USA,1
Author 417,Italy,1
Author 418,Mexico,1
Author 419,Australia,1
Author 42,Germany,1
Author 420,Mexico,1
Author 421,Canada,1
Author 422,Argentina,1
Author 423,Germany,1
Author 424,Italy,1
Author 425,Spain,1
Author 426,India,1
Author 427,Australia,1
Author 428,Spain,1
Author 429,Argentina,1
Author 43,Chile,1
Author 430,Mexico,1
Author 431,Australia,1
Author 432,Brazil,1
Author 433,Canada,1
Author 434,Australia,1
Author 435,UK,1
Author 436,Brazil,1
Author 437,Mexico,1
Author 438,UK,1
Author 439,Canada,1
Author 44,Japan,1
Author 440,Italy,1
Author 441,Australia,1
Author 442,Japan,1
Author 443,Argentina,1
Author 444,Argentina,1
Author 445,UK,1
Author 446,USA,1
Author 447,USA,1
Author 448,France,1
Author 449,Argentina,1
Author 45,Canada,1
Author 450,Spain,1
Author 451,Canada,1
Author 452,Germany,1
Author 453,Chile,1
Author 454,Australia,1
Author 455,USA,1
Author 456,UK,1
Author 457,Germany,1
Author 458,Canada,1
Author 459,France,1
Author 46,USA,1
Author 460,Brazil,1
Author 461,Japan,1
Author 462,Italy,1
Author 463,Italy,1
Author 464,India,1
Author 465,China,1
Author 466,Mexico,1
Author 467,Brazil,1
Author 468,Brazil,1
Author 469,Chile,1
Author 47,Japan,1
Author 470,France,1
Author 471,Italy,1
Author 472,Canada,1
Author 473,Japan,1
Author 474,Mexico,1
Author 475,Japan,1
Author 476,Australia,1
Author 477,France,1
Author 478,Mexico,1
Author 479,UK,1
Author 48,China,1
Author 480,Australia,1
Author 481,India,1
Author 482,France,1
Author 483,China,1
Author 484,Mexico,1
Author 485,India,1
Author 486,Germany,1
Author 487,Spain,1
Author 488,France,1
Author 489,Chile,1
Author 49,Spain,1
Author 490,USA,1
Author 491,Australia,1
Author 492,Spain,1
Author 493,Spain,1
Author 494,Germany,1
Author 495,Brazil,1
Author 496,China,1
Author 497,France,1
Author 498,Brazil,1
Author 499,Canada,1
Author 5,Canada,1
Author 50,Brazil,1
Author 500,Mexico,1
Author 501,Canada,1
Author 502,Canada,1
Author 503,Japan,1
Author 504,Brazil,1
Author 505,USA,1
Author 506,UK,1
Author 507,Mexico,1
Author 508,Mexico,1
Author 509,China,1
Author 51,Australia,1
Author 510,Argentina,1
Author 511,Japan,1
Author 512,Germany,1
Author 513,USA,1
Author 514,India,1
Author 515,China,1
Author 516,Canada,1
Author 517,USA,1
Author 518,Spain,1
Author 519,Italy,1
Author 52,Italy,1
Author 520,Chile,1
Author 521,France,1
Author 522,China,1
Author 523,Japan,1
Author 524,Brazil,1
Author 525,Germany,1
Author 526,USA,1
Author 527,Italy,1
Author 528,Germany,1
Author 529,Mexico,1
Author 53,Japan,1
Author 530,Spain,1
Author 531,France,1
Author 532,Chile,1
Author 533,Spain,1
Author 534,Argentina,1
Author 535,Mexico,1
Author 536,India,1
Author 537,Argentina,1
Author 538,Australia,1
Author 539,Brazil,1
Author 54,Chile,1
Author 540,USA,1
Author 541,Mexico,1
Author 542,Germany,1
Author 543,Australia,1
Author 544,Argentina,1
Author 545,Canada,1
Author 546,Mexico,1
Author 547,USA,1
Author 548,Japan,1
Author 549,China,1
Author 55,Chile,1
Author 56,France,1
Author 57,Japan,1
Author 58,Germany,1
Author 59,Italy,1
Author 6,China,1
Author 60,Germany,1
Author 61,USA,1
Author 62,UK,1
Author 63,India,1
Author 64,China,1
Author 65,Germany,1
Author 66,China,1
Author 67,Australia,1
Author 68,Chile,1
Author 69,USA,1
Author 7,Japan,1
Author 70,China,1
Author 71,USA,1
Author 72,Canada,1
Author 73,France,1
Author 74,Argentina,1
Author 75,India,1
Author 76,France,1
Author 77,Chile,1
Author 78,Spain,1
Author 79,France,1
Author 8,Chile,1
Author 80,China,1
Author 81,Japan,1
Author 82,India,1
Author 83,Germany,1
Author 84,Mexico,1
Author 85,Chile,1
Author 86,Chile,1
Author 87,Spain,1
Author 88,Japan,1
Author 89,France,1
Author 9,Germany,1
Author 90,Mexico,1
Author 91,Italy,1
Author 92,France,1
Author 93,Italy,1
Author 94,Chile,1
Author 95,Germany,1
Author 96,UK,1
Author 97,Canada,1
Author 98,Japan,1
Author 99,Argentina,1
"Azhar, Mohammad Q. and Powers, Jillian and Musgrove, Ann",Brazil,1
B. -H. Chen; L. -H. Chen; C. -C. Chen; C. -H. Chen,France,1
B. -H. Chen; T. -F. Huang; S. -C. Chou,Italy,1
B. A. da Silva; S. A. da Costa Cavalheiro; L. Foss; A. M. P. Fleischmann; A. V. Garcez,Australia,1
B. Ben Youssef; B. Berry; M. Sjoerdsma,Spain,1
B. Chowdhury; D. Kafura; A. Johri,Mexico,1
B. F. Tivnan,Australia,1
B. Fradi; L. Cheniti-Belcadhi,India,1
B. Hamlin; J. Riehl; A. J. Hamlin; A. Monte,Canada,1
B. K. M. K. Pedersen; K. E. Andersen; A. J⊘rgensen; S. Köslich; F. Sherzai; J. Nielsen,Mexico,1
B. Kalluri; P. Prasad; P. Sharma; D. Chippa,USA,1
B. Khayut; L. Fabri; M. Avikhana,Australia,1
B. Khayut; L. Fabri; M. Avikhana,India,1
B. Khayut; L. Fabri; M. Avikhana,Italy,1
B. Kybartas; R. Bidarra,UK,1
B. Li,Spain,1
B. Li; B. Sun; W. Yao; Y. He; G. Song,Australia,1
B. Li; W. Shen,Argentina,1
B. Li; Z. Tang,China,1
B. Longo,Brazil,1
B. Lu; H. Zhang,Brazil,1
B. M. Dungan; P. L. Fernandez,Mexico,1
B. Patkai; S. J. Torvinen,Canada,1
B. R. Carlisle,Australia,1
B. Sabitzer; H. Demarle-Meusel; M. Jarnig,China,1
B. Worrell; C. Brand; A. Repenning,Mexico,1
B. Yang; G. Misirli; A. Wipat; J. Hallinan,Italy,1
B. Yett; C. Snyder; N. Hutchins; G. Biswas,Argentina,1
"B\""{o}ttcher, Axel and Thurner, Veronika",Spain,1
Bahaludin H.; Abdullah M.H.; Hussin M.; Laham M.F.; Ismail Z.,USA,1
"Bakala, Ewelina and Gerosa, Anaclara and Hourcade, Juan Pablo and Pascale, Maria and Hergatacorzian, Camila and Tejera, Gonzalo",China,1
"Bakala, Ewelina and Hourcade, Juan Pablo and Tejera, Gonzalo",Spain,1
Balasamy K.; Seethalakshmi V.,UK,1
Bambi S.; Galazzi A.; Lucchini A.,USA,1
Bandyopadhyay U.; Sen D.; Ahuja D.; Mahapatra S.P.; Biswas D.; Maiti R.; Chakraborty S.; Hazra A.; Parua S.; Basak A.K.; Das A.; Paul N.; Purkait M.P.; Syamal A.K.; Dey R.; Bhattacharya K.; Adhikary K.; Bhattacharjee A.,Argentina,1
"Bao, Yeting and Hosseini, Hadi",Japan,1
"Bao, Yeting and Hosseini, Hadi",UK,1
"Barat\`{e}, Adriano and Ludovico, Luca A. and Mauro, Davide A.",Germany,1
"Barbero, Giulio and G\'{o}mez-Maureira, Marcello A. and Hermans, Felienne F.J.",Canada,1
"Barbosa, Luciana Leal da Silva and Maltempi, Marcus Vinicius",Germany,1
"Barendsen, Erik and Stoker, Idzard",France,1
"Barricelli, Barbara Rita and Fogli, Daniela and Gargioni, Luigi and Locoro, Angela and Valtolina, Stefano",Mexico,1
"Bart, Austin Cory",USA,1
"Basawapatna, Ashok and Koh, Kyu Han and Repenning, Alexander and Webb, David C. and Marshall, Krista Sekeres",India,1
"Basso, Demis and Fronza, Ilenia and Colombi, Alessandro and Pahl, Claus",UK,1
"Basu, Satabdi and Disalvo, Betsy and Rutstein, Daisy and Xu, Yuning and Roschelle, Jeremy and Holbert, Nathan",Germany,1
"Basu, Satabdi and Rutstein, Daisy and Xu, Yuning and Shear, Linda",India,1
"Beason, Kara and Fenwick, James B. and Norris, Cindy",France,1
"Bell, Tim",Australia,1
"Bell, Tim and Duncan, Caitlin and Atlas, James",India,1
"Bellino, Alessio",UK,1
"Bellino, Alessio and Herskovic, Valeria",Chile,1
"Benavides-Escola, Christian Andr\'{e}s and Mart\'{\i}n-Barroso, Estefan\'{\i}a and Zapata-C\'{a}ceres, Mar\'{\i}a and Rom\'{a}n-Gonz\'{a}lez, Marcos",USA,1
"Bender, Jeff and Zhao, Bingpu and Dziena, Alex and Kaiser, Gail",Canada,1
"Benkarroum, Younes and Azhar, Mohammad Q.",Argentina,1
"Bo, Li and Xiaobin, Zhang and Ning, Wu",Japan,1
"Boom, Kay-Dennis and Bower, Matt and Arguel, Ama\""{e}l and Siemon, Jens and Scholkmann, Antonia",USA,1
Boqin Liu; Junmei He,Chile,1
"Boulden, Danielle and Smith, Andy and Cully, Kimkinyona and Houchins, Jennifer and Elsayed, Rasha and Hubbard Cheuoua, Aleata and Minogue, James and Oliver, Kevin and Ringstaff, Cathy and Mott, Bradford",USA,1
"Brackmann, Christian P. and Rom\'{a}n-Gonz\'{a}lez, Marcos and Robles, Gregorio and Moreno-Le\'{o}n, Jes\'{u}s and Casali, Ana and Barone, Dante",Mexico,1
"Brooks, Eva and Sj\""{o}berg, Jeanette",Argentina,1
"Brunvand, Erik",Japan,1
"Bryndov\'{a}, Lucie and Mali\v{s}\r{u}, Petri",Germany,1
"Bugayenko, Yegor and Guzdial, Mark",India,1
C. -C. Hu; H. -T. Tseng; M. -H. Chen; A. Goh Phaik Imm; N. -S. Chen,France,1
C. -C. Hu; M. -H. Chen; I. Yuadi; N. -S. Chen,India,1
C. -C. Lin; P. -Y. Chao; E. -T. Lin; H. -L. Tzeng,Italy,1
C. -H. Lai; C. -H. Hsieh,France,1
C. -H. Wang; K. -C. Wu,UK,1
C. -K. Chang,France,1
C. -K. Chang,Spain,1
C. -K. Chang; Y. -T. Tsai,India,1
C. -K. Chang; Y. -T. Tsai; Y. -L. Chin,Germany,1
C. -S. Lee,France,1
C. -S. Lee,USA,1
C. -S. Lee; K. D. Wong,China,1
C. -S. Lee; K. D. Wong,Italy,1
C. -S. Lee; M. -H. Wang; L. -W. Ko; Y. -H. Lee; H. Ohashi; N. Kubota; Y. Nojima; S. -F. Su,Brazil,1
C. -Y. Chang; Z. Du; H. -C. Kuo; C. -C. Chang,Germany,1
C. -Y. Chung; I. -H. Hsiao,Canada,1
C. -x. Li; S. -m. Zhang,Italy,1
C. -y. Chang; Y. -p. Chen,Brazil,1
C. A. Gomes; H. Gomes; B. Rego; B. Sousa; M. Loureiro; P. Rocha,Australia,1
C. A. Gomes; H. Gomes; M. Figueiredo; A. Lucas; L. Menezes,China,1
C. A. N. Johnson; M. F. Bin Daud; M. B. Arsat; W. N. Bt. Wan Hussin; E. I. Egba,Argentina,1
C. Araújo; L. V. O. Lima; P. R. Henriques,Japan,1
C. Araújo; P. R. Henriques; J. J. Cerqueira,China,1
C. Araújo; P. R. Henriques; J. J. Cerqueira,USA,1
C. Araújo; P. Rangel Henriques; J. José Cerqueira,Brazil,1
C. Bain; G. Anton; M. Horn; U. Wilensky,France,1
C. Barros; M. Vicente; E. Lloret,Mexico,1
C. Boya-Lara; D. Diaz-Solano; A. Fehrenbach; D. Saavedra,France,1
C. Brackmann; D. Barone; A. Casali; R. Boucinha; S. Muñoz-Hernandez,Germany,1
C. C. Dony; A. Magdy; S. Rey; A. Nara; T. Herman; M. Solem,Italy,1
C. Cachero; P. Barra; S. Meliá; O. López,Canada,1
C. Chytas; A. Tsilingiris; I. Diethelm,Mexico,1
C. E. Vergara; M. Urban-Lurain; C. Dresen; T. Coxen; T. MacFarlane; K. Frazier; D. Briedis; N. Buch; A. -H. Esfahanian; L. Paquette; J. Sticklen; J. LaPrad; T. F. Wolff,USA,1
C. Enríquez; O. Aguilar; F. Domínguez,Italy,1
C. Evia; M. R. Sharp; M. A. Pérez-Quiñones,Spain,1
C. F. Pimentel; M. R. Cravo,Spain,1
C. F. Rodrigues; I. F. Silveira,Japan,1
C. Gang; L. Junyan; Z. Shaolin,France,1
C. Guangzuo; Wei Xuefeng; Lili Wang Boling,Canada,1
C. Hösel; M. Heinzig; R. Vogel; C. Roschke; A. Kühn; F. Schmidsberger; M. Vodel; M. Ritter,Brazil,1
C. J. Park; J. S. Hyun; J. Heuilan,India,1
C. K. Shyamala; C. S. Velayutham; L. Parameswaran,India,1
C. Kazimoglu,Argentina,1
C. León; P. Gervás; P. Delatorre,Argentina,1
C. Li; Y. Chen; Z. Li; K. Barkaoui,France,1
C. Mercier,USA,1
C. Mercier; L. Roux; M. Romero; F. Alexandre; T. Viéville,Argentina,1
C. Mestre; C. Martins; C. Tourais; I. Guerra,Italy,1
C. Otero Avila; L. Foss; A. Bordini; M. Simone Debacco; S. A. da Costa Cavalheiro,Argentina,1
C. P. Singh; Y. Kerimbekov; T. Cech,India,1
C. S. Drozdowski; S. Emeghara; T. J. Marlowe; K. G. Herbert; V. K. Anu; S. Hagiwara; S. A. Robila,Germany,1
C. S. González-González; P. Caballero-Gil; A. García-Holgado; F. J. García-Peñalvo; J. Molina; J. M. del Castillo-Olivares; B. C. San Juan; S. G. Cuesta; I. Perdomo; C. Caballero-Gil; F. Gutíerrez-Vela; P. Paderewski; V. V. Holz; R. G. Iranzo; S. Ramos,Spain,1
C. S. Lee; C. -C. Chou,Chile,1
C. Vieira; D. Restrepo; J. L. De La Hoz,Brazil,1
C. Wang,USA,1
C. Wang; Z. Man; J. Jin; W. Ye,China,1
C. Weiwei; L. Zhigang; B. Aihua; T. Yanqin,India,1
C. Xiaohong; L. Jie; M. Zhibin; X. Li,USA,1
C. Xu; Z. Feng; P. Qi; Y. Sun,Brazil,1
C. Xue; W. Zhun,Brazil,1
C. Y. Lester,Germany,1
C. Yang; W. Lv; W. Zhang,Brazil,1
C. Zhang; X. Chen; J. Li,Germany,1
C. Zheng,Japan,1
C. Zhu; J. E. Ahn; L. Cui; R. Hare; Y. Tang,UK,1
CACM Staff,Argentina,1
CACM Staff,Brazil,1
"Caballero-Gonzalez, Yen-Air and Mu\~{n}oz-Repiso, Ana Garc\'{\i}a-Valc\'{a}rcel and Garc\'{\i}a-Holgado, Alicia",Japan,1
Caetano C.; Morgado L.; Lima P.; Hens N.; Nunes B.,Spain,1
"Calderon, Ana C. and Crick, Tom",Japan,1
"Calderon, Ana C. and Crick, Tom and Tryfona, Catherine",Chile,1
Cano-Guervos R.; Chica-Olmo J.; Chica-Garcia J.,Italy,1
Cappanera P.; Visintin F.; Vannelli S.,Chile,1
"Caskurlu, Secil and Hu, Anne Drew and Yadav, Aman and Santo, Rafi",China,1
"Caskurlu, Secil and Yadav, Aman and Santo, Rafi",Japan,1
"Caspersen, Michael E. and Nowack, Palle",China,1
"Castle, Sarah D.",Brazil,1
"Castro, Francisco Enrique Vicente",Japan,1
"Catet\'{e}, Veronica and Lytle, Nicholas and Dong, Yihuan and Boulden, Danielle and Akram, Bita and Houchins, Jennifer and Barnes, Tiffany and Wiebe, Eric and Lester, James and Mott, Bradford and Boyer, Kristy",Chile,1
Cerqueti R.; Ramponi A.; Scarlatti S.,India,1
"Chaabi, Hasnaa and Azmani, Amina and Dodero, Juan Manuel",Japan,1
Chaoan Lai; Yanming Sun; Guoyan Yu,France,1
"Charles, Thea and Oliver, Amber and Mulloy, Kate",Mexico,1
"Che Kamaruddin, Ahmad Rasydan and Low, Jing Hong and Sarwar, Abdullah",UK,1
Chen S.-P.; Lin Y.-R.,Italy,1
"Chen, Juan and Shen, Li and Yin, Jianping and Zhang, Chunyuan",Italy,1
"Chen, MingQi and Xu, JiHong and Wang, YiChuan",Australia,1
"Chen, Yunshan and Wang, Yining and Li, Yanyan",Canada,1
Cheruvari A.; Kammara R.,Australia,1
"Chiazzese, Giuseppe and Arrigo, Marco and Chifari, Antonella and Lonati, Violetta and Tosto, Crispino",Brazil,1
"Chiazzese, Giuseppe and Fulantelli, Giovanni and Pipitone, Vito and Taibi, Davide",Chile,1
"Chiprianov, Vanea and Gallon, Laurent",Australia,1
"Choi, Wan Chong",Spain,1
"Choi, Wan Chong and Chang, Chi In",Italy,1
"Choi, Wan Chong and Choi, Iek Chong",Germany,1
"Chowdhury, Bushra",France,1
"Chowdhury, Bushra and Bart, Austin Cory and Kafura, Dennis",USA,1
"Chung, Cheng-Yu and Hsiao, I-Han",Canada,1
"Coenraad, Merijke and Cabrera, Lautaro and Killen, Heather and Plane, Jan and Ketelhut, Diane Jass",Chile,1
"Coenraad, Merijke and Rangel, Alessandra and Burke, Quinn and Mills, Kelly and Ruiz, Pati and Dunbar, Kyle",Brazil,1
"Cole, Elizabeth C.",Argentina,1
"Collado-S\'{a}nchez, Mar\'{\i}a and Garc\'{\i}a-Pe\~{n}alvo, Francisco Jos\'{e} and Pinto-Llorente, Ana Mar\'{\i}a",Australia,1
"Conde, Miguel \'{A}. and Fern\'{a}ndez, Camino and Alves, Jonny and Ramos, Mar\'{\i}a-Jo\~{a}o and Celis-Tena, Susana and Gon\c{c}alves, Jos\'{e} and Lima, Jos\'{e} and Reimann, Daniela and Jormanainen, Ilkka and Pe\~{n}alvo, Francisco J. Garc\'{\i}a",Germany,1
"Conde, Miguel \'{A}. and Fern\'{a}ndez-Llamas, Camino and Rodr\'{\i}guez-Sedano, Francisco J. and Guerrero-Higueras, \'{A}ngel M. and Matell\'{a}n-Olivera, Vicente and Garc\'{\i}a-Pe\~{n}alvo, Francisco J.",Chile,1
"Corradini, Isabella and Lodi, Michael and Nardelli, Enrico",India,1
"Corradini, Isabella and Lodi, Michael and Nardelli, Enrico",Japan,1
Costa Fonseca N.; Vinícius de França Carvalho J.,Chile,1
Cui Haiying; Shao Lijun; Wang Jing,India,1
"Curzon, Paul",Germany,1
"Curzon, Paul and McOwan, Peter W. and Plant, Nicola and Meagher, Laura R.",Canada,1
"Cutts, Quintin and Donaldson, Peter and Cole, Elizabeth and Alshaigy, Bedour and Gutica, Mirela and Hellas, Arto and Larraza-Mendiluze, Edurne and McCartney, Robert and Patitsas, Elizabeth and Riedesel, Charles",France,1
D'Orsi G.; Palladini M.; Mazza M.G.; Rovere-Querini P.; Scalabrini A.; Benedetti F.,Australia,1
D. Apostolou; K. Zachos; N. Maiden; N. Agell; G. Sanchez-Hernandez; M. Taramigkou; K. Star; M. Wippoo,Japan,1
D. Assaf; Y. Neuman; Y. Cohen; S. Argamon; N. Howard; M. Last; O. Frieder; M. Koppel,Brazil,1
D. Cartes; J. H. Chow; D. McCaugherty; S. Widergren; G. Kumar Venayagamoorthy,Brazil,1
D. F. Shell; M. P. Hazley; L. -K. Soh; L. Dee Miller; V. Chiriacescu; E. Ingraham,Italy,1
D. Gkountelos; M. Kokhazadeh; C. Bournas; G. Keramidas; V. Kelefouras,Spain,1
D. Gong; H. H. Yang; J. Cai,China,1
D. Hemin; J. Junjie,Chile,1
D. M. Mathews; S. Abraham,Argentina,1
D. M. Morrison; H. Xiangen,India,1
D. Pale-Parra; C. Pérez-Salazar; Á. J. Sánchez-García; J. O. Ocharán-Hernández,Brazil,1
D. Palma; D. P. Flores; J. Miraval; A. Rodríguez; D. Espinoza; J. Díaz León,Brazil,1
D. Parmar; L. Lin; N. DSouza; S. Jörg; A. E. Leonard; S. B. Daily; S. V. Babu,USA,1
D. Parmar; S. V. Babu; L. Lin; S. Jörg; N. D'Souza; A. E. Leonard; S. B. Daily,Brazil,1
D. Q. Chen; H. Liang,Japan,1
D. R. Romadhon; M. D. H. Rahiem; R. Faeruz; E. Muliyah; Asmui; N. F. Wulansari,France,1
D. Ruiz-Perez; H. Guan; P. Madhivanan; K. Mathee; G. Narasimhan,UK,1
D. Russo; M. Missiroli; P. Ciancarini,Canada,1
D. S. Rana; S. C. Dimri; P. Malik; S. A. Dhondiyal,USA,1
D. S. Silva; S. L. Melo; J. R. Basto Diniz,Australia,1
D. S. Touretzky,USA,1
D. Sarkar; T. Khan; F. A. Talukdar; S. R. Rengarajan,China,1
D. Shi; J. Kralik; H. Mi,Germany,1
D. Tuparova,Chile,1
D. Yang; S. Feng,Canada,1
D. Yang; Y. Baek; S. Swanson,USA,1
D. Zhao; Y. Li,France,1
Dai-Yi Wang; Zong-Han Wu; Chuen-Tsai Sun; S. S. J. Lin,Australia,1
Darwiche M.; Faraj J.; Ali S.; Murr R.; Taher R.; El Hage H.; Khaled M.,India,1
"Dasgupta, Sayamindu and Hale, William and Monroy-Hern\'{a}ndez, Andr\'{e}s and Hill, Benjamin Mako",USA,1
"Davis, Kylie and Shneyer, Elana",Japan,1
"De Jong, Imke and Jeuring, Johan",Mexico,1
"De Jong, Imke and Sichterman, Bo and Jeuring, Johan",Italy,1
"DePryck, Koen",Japan,1
"Dengel, Andreas and Heuer, Ute",Germany,1
"Denning, Peter J.",USA,1
"Denning, Peter J. and Tedre, Matti",Australia,1
Di Domenico L.; Goldberg Y.; Colizza V.,France,1
"Dietz, Griffin and Le, Jimmy K and Tamer, Nadin and Han, Jenny and Gweon, Hyowon and Murnane, Elizabeth L and Landay, James A.",Japan,1
Dimbleby B.; Greenway W.; Burns S.O.; Richter A.G.; Shields A.M.,UK,1
"Dodero, Juan Manuel and Mota, Jos\'{e} Miguel and Ruiz-Rube, Iv\'{a}n",UK,1
"Doore, Karen",Spain,1
"Dragon, Tom\'{a}\v{s}",Australia,1
"Dragon, Tom\'{a}\v{s}",Italy,1
"Dunbar, Kyle M. and Coenraad, Merijke and Iwatani, Emi",India,1
"Duncan, Caitlin",Australia,1
E. C. Juárez; D. S. Guzmán,Brazil,1
E. C. Oliveira; R. A. Bittencourt; R. P. Trindade,Brazil,1
E. C. Oliveira; R. C. M. Correia; R. Azevedo; S. Telles; A. A. Macedo; R. A. Bittencourt,Canada,1
E. Castro; T. Sakata; L. Zaina,Argentina,1
E. Coutinho; M. Gimenes; J. M. Martins; E. R. Miranda,USA,1
E. Daglarli,Mexico,1
E. Halim; Kevin; H. Kristian; M. Hebrard,Canada,1
E. J. F. Costa; C. E. C. Campelo; L. M. R. S. Campos,Spain,1
E. J. F. Costa; L. M. R. S. Campos; D. Dario Serey Guerrero,Australia,1
E. Kaila; M. -J. Laakso; E. Kurvinen,Germany,1
E. Karakaş; M. Turhan Yöndem,Chile,1
E. Kuznetsova; N. Zhbanova; T. Fomina; M. Karlova,Italy,1
E. Liao,France,1
E. Lotfi; M. R. Akbarzadeh-T,USA,1
E. M. Slomp; E. Schuhmacher; V. R. N. Schuhmacher,UK,1
E. Marchetti; A. Valente; N. B. Dohn,Spain,1
E. Micheli-Tzanakou; A. Eugene; M. Tan; K. Kim,Italy,1
E. P. S. Baumer; J. Sinclair; D. Hubin; B. Tomlinson,Chile,1
E. Prieto-Rodriguez; R. Berretta,Italy,1
E. Relkin; M. Bers,India,1
E. Surahman; T. Hua Wang; K. -F. Turner Lam; Sulthoni; U. Nendra Pratama; E. Nur Aisyah,China,1
E. Tóth-Laufer,Australia,1
E. Vlahu-Gjorgievska; M. Videnovik; V. Trajkovik,Argentina,1
E. Y. Privodnova; N. V. Volf; E. A. Merculova,Argentina,1
Entrenas-Castillo M.; Entrenas-Costa L.M.; Pata M.P.; Gamez B.J.; Muñoz-Corroto C.; Gómez-Rebollo C.; Mira-Padilla E.; Bouillon R.; Quesada-Gomez J.M.,Chile,1
"Espinal, Alejandro and Vieira, Camilo and Magana, Alejandra J.",India,1
"Espino, Elisenda Eva Espino and Gonz\'{a}lez, Carina Gonz\'{a}lez",USA,1
"Espino, Elisenda Eva Espino and Gonz\'{a}lez, Carina Soledad Gonz\'{a}lez",UK,1
F. -C. Ou Yang,Australia,1
F. Alegre; J. Moreno; T. Dawson; E. E. Tanjong; D. H. Kirshner,Germany,1
F. C. Dancer; A. L. Tanner; M. M. Thomas,France,1
F. C. Dancer; A. L. Tanner; M. N. Thomas; M. M. Thomas,Brazil,1
F. F. Moro; M. Paula Corrêa Angeloni; L. M. Rockenbach Tarouco; J. Bosco da Mota Alves,China,1
F. F. da Silva; L. Beatrys Ruiz Aylon; D. E. Flôr,Mexico,1
F. González-Pizarro; C. López; A. Vásquez; C. Castro,Mexico,1
F. González; C. López; C. Castro,Canada,1
F. Gossen; D. Kühn; T. Margaria; A. -L. Lamprecht,Canada,1
F. H. Noor; F. S. Mohamad; J. L. Minoi,India,1
F. Heintz; L. Mannila; T. Färnqvist,Spain,1
F. J. Agbo; S. T. Yigzaw; I. T. Sanusi; S. S. Oyelere; A. H. Mare,UK,1
F. J. Díaz; N. Soledad Gómez; M. Catino,China,1
F. J. Valero-Cuevas; J. -W. Yi; D. Brown; R. V. McNamara; C. Paul; H. Lipson,Japan,1
F. Kulanova; D. Baitureev; C. P. Singh,Argentina,1
F. Li; Y. Chen; Y. Yu; B. Zhang; M. Sun,Brazil,1
F. Machuqueiro; J. Piedade,USA,1
F. Moreno-Vera; L. León-Vera; J. Moreno-Motta; J. Guizado-Vasquez; M. Vera-Panez,Spain,1
F. Niehaus; B. Kotze; A. Marais,China,1
F. Parsa; A. A. A. Moghadam; T. Ashuri,Spain,1
F. Pires; F. M. Maquine Lima; R. Melo; J. R. Serique Bernardo; R. de Freitas,UK,1
F. Quezada; L. Rojo-González; Ó. C. Vásquez,Canada,1
F. Sattar; M. Nawaz,Chile,1
F. Sattar; M. Nawaz,Japan,1
F. Talavera-Mendoza; F. H. R. Paucar; D. A. U. Alarcón,France,1
F. Wang; H. Chen; T. Wang; X. Lan; S. Zhang,France,1
F. Wang; H. Wang,Brazil,1
F. Wang; L. Chen; W. Wang,Spain,1
F. Xu; S. Zhang,Germany,1
F. Yu; H. Wang,UK,1
F. Zhao; S. Liu,Brazil,1
"Faber, Hylke H. and van der Ven, Jan Salvador and Wierdsma, Menno D.M.",Spain,1
Fabillar J.P.; Once F.P.; Gabon V.A.,UK,1
"Fagerlund, Janne",Australia,1
Fahmi R.; Noordin N.; Razak F.H.A.; Isa W.A.R.W.M.; Suhaimi A.I.H.,Australia,1
"Fairlie, Fiona",Canada,1
"Fairlie, Fiona",Mexico,1
"Falc\~{a}o, Taciana Pontual and Gomes, Tancicleide C. Sim\~{o}es and Albuquerque, Isabella Rocha",UK,1
Faming Li; R. E. Skelton,USA,1
Fan C.; Wu C.; Luan L.; Chen J.; Sun T.,Mexico,1
"Feldhausen, Russell and Weese, Joshua Levi and Bean, Nathan H.",China,1
"Figueiredo, Jos\'{e} and Garc\'{\i}a-Pe\~{n}alvo, Francisco J.",Germany,1
Fikri M.; Zahri T.N.; Anggraini O.K.,UK,1
Firdaus R.; Abdullah Y.; Abadi S.; Adnan M.H.M.; Nursari S.R.C.; Dewi D.A.,UK,1
"Fleenor, Hillary",Japan,1
"Flinn, Michael B. and McGee, Kristine and Barnes, Katelyn and Morton, Haylee",Japan,1
"Floyd, Lisa Anne",Italy,1
"Floyd, Steven Paul and Sorbara, Luigi",UK,1
Frincu S.; Frincu M.,USA,1
"Fronza, Ilenia and Corral, Luis and Pahl, Claus",Chile,1
"Fronza, Ilenia and Ioini, Nabil El and Corral, Luis",UK,1
"Fuhrmann, Tamar and Ahmed, Deeana Ijaz and Arikson, Len and Wirth, Mike and Miller, Mark L and Li, Ethan and Lam, Amy and Blikstein, Paulo and Riedel-Kruse, Ingmar",Australia,1
"Fuste, Anna and Schmandt, Chris",China,1
G. Atayeva; P. Hojagulyyev; A. Ussayeva; Y. Orazov; A. Orazov,France,1
G. Athanasiou; M. -A. Fengou; A. Beis; D. Lymberopoulos,Brazil,1
G. Chen; Y. He; T. Yang,USA,1
G. D. Abowd,Chile,1
G. K. Venayagamoorthy,Italy,1
G. K. W. Wong; S. Jiang,Argentina,1
G. Manikutty,UK,1
G. Ota; Y. Morimoto; H. Kato,China,1
G. Paravati; F. Lamberti; V. Gatteschi,Canada,1
G. Revana; K. Kavita; V. Madhavi,Japan,1
G. Robles; J. Moreno-León; E. Aivaloglou; F. Hermans,USA,1
G. Tejera; G. Amorin; A. Sere; N. Capricho; P. Margenat; J. Visca,China,1
G. Wang,Australia,1
G. Yang; D. Saito; H. Washizaki; Y. Fukazawa,UK,1
"Garc\'{\i}a-Pe\~{n}alvo, Francisco J.",Brazil,1
"Garc\'{\i}a-Pe\~{n}alvo, Francisco J. and Cruz-Benito, Juan",India,1
"Garc\'{\i}a-Pe\~{n}alvo, Francisco Jos\'{e}",UK,1
"Garc\'{\i}a-Pe\~{n}alvo, Francisco Jos\'{e} and Conde, Miguel \'{A}. and Gon\c{c}alves, Jos\'{e} and Lima, Jos\'{e}",Japan,1
"Garc\'{\i}a-Pe\~{n}alvo, Francisco Jos\'{e} and Conde, Miguel \'{A}ngel and Gon\c{c}alves, Jos\'{e} and Lima, Jos\'{e}",Australia,1
"Garcia, Dan and Garcha, Sonia and Mukund, Madhavan and Shah, Vipul",India,1
"Garcia, Leiny Y. and Parker, Miranda C. and Ojeda-Ramirez, Santiago and Warschauer, Mark",Chile,1
"Garcia-Robles, Rocio and Fern\'{a}ndez-Cabaleiro, Santiago",USA,1
"Garvin, Megean and Killen, Heather and Plane, Jan and Weintrop, David",UK,1
"Gautam, Aakash and Bortz, Whitney Elaine Wall and Tatar, Deborah",Mexico,1
"Gautam, Aakash and Bortz, Whitney and Tatar, Deborah",Australia,1
Ge Q.,Spain,1
"Gendreau Chakarov, Alexandra and Biddy, Quentin and Runberg, Derek",Argentina,1
"Gendreau Chakarov, Alexandra and Recker, Mimi and Jacobs, Jennifer and Van Horne, Katie and Sumner, Tamara",Australia,1
"George-Reyes, Carlos Enrique and Rocha Estrada, Francisco Javier and Glasserman-Morales, Leonardo David",Canada,1
"Gerini, Lorenzo and Delzanno, Giorgio and Guerrini, Giovanna and Solari, Fabio and Chessa, Manuela",Canada,1
Gharib A.; Hassanain N.A.; Maher A.; Shaapan R.M.; Aish A.; Elfeky M.; Ghoraba N.M.; El zefzafy W.M.; Zaky S.; Baki A.A.; Elsaied M.H.; Hegazy M.S.; Elsheikh M.S.,France,1
"Ghosh, Ahana and Malva, Liina and Singla, Adish",Spain,1
Gomide J.A.L.; Moço A.C.R.; Tanaka L.T.R.; Alexandre M.R.A.; Roca T.P.; Vieira Dall'acqua D.S.; Costa Nunes Soares M.M.; Oliveira R.J.; Lima R.C.; Madurro J.M.; Brito-Madurro A.G.,Chile,1
Gong Chun-yan; Chen Chao-tian; Peng Ping; Xie Zan-fu,Argentina,1
"Gonz\'{a}lez, Yen Air Caballero and Mu\~{n}oz-Repiso, Ana Garc\'{\i}a-Valc\'{a}rcel",Brazil,1
"Gonz\'{a}lez, Yen Air Caballero and Mu\~{n}oz-Repiso, Ana Garc\'{\i}a-Valc\'{a}rcel",Spain,1
"Gonz\'{a}lez-Gonz\'{a}lez, Carina S. and C\'{a}ceres-Garc\'{\i}a, Lorena and Violant-Holz, Ver\'{o}nica",Japan,1
"Gonz\'{a}lez-Gonz\'{a}lez, Carina and Gonz\'{a}lez, Erika Herrera and Ruiz, Lorenzo Moreno and Infante-Moro, Alfonso and Guzm\'{a}n-Franco, Mar\'{\i}a D.",India,1
"Good, Jon",Brazil,1
"Gouws, Lindsey Ann and Bradshaw, Karen and Wentworth, Peter",Chile,1
"Grgurina, Nata\v{s}a and Barendsen, Erik and Zwaneveld, Bert and van Veen, Klaas and Stoker, Idzard",India,2
"Grgurina, Nata\v{s}a and Barendsen, Erik and Zwaneveld, Bert and van de Grift, Wim and Stoker, Idzard",Germany,1
"Grgurina, Nata\v{s}a and Barendsen, Erik and van Veen, Klaas and Suhre, Cor and Zwaneveld, Bert",India,1
Grimley D.C.; Atherton P.H.; Bick P.D.; Clarke L.; Hillman D.S.; Parsons D.J.,Canada,1
"Grizioti, Marianthi and Kynigos, Chronis",Australia,1
"Grizioti, Marianthi and Kynigos, Chronis and Nikolaou, Maria-Stella",Australia,1
"Grover, Shuchi",China,1
"Grover, Shuchi and Bienkowski, Marie and Snow, Eric",UK,1
"Grover, Shuchi and Dominguez, Ximena and Kamdar, Danae and Vahey, Phil and Moorthy, Savitha and Rafanan, Ken and Gracely, Sara",Canada,1
"Grover, Shuchi and Fisler, Kathryn and Lee, Irene and Yadav, Aman",UK,1
"Guenaga, Mariluz and Menchaca, Iratxe and Garaizar, Pablo and Egu\'{\i}luz, Andoni",Argentina,1
"Guzdial, Mark and Kay, Alan and Norris, Cathie and Soloway, Elliot",USA,1
H. -C. Chuang; C. -F. Hu; C. -C. Wu; Y. -T. Lin,China,1
H. -H. Wang,UK,1
H. -I. Yang; P. Martin; D. Satterfield; R. Babbitt; J. Wong; M. Shelley; C. K. Chang,China,1
H. -L. Jeng; L. -W. Liu; C. -N. Chen,Argentina,1
H. A. Klein,Italy,1
H. Al-Juboori; G. Noonan,Canada,1
H. Buttke; J. Krugel,Brazil,1
H. Bučková; J. Dostál,Australia,1
H. C. B. Chan,Italy,1
H. C. Webb,Spain,1
H. Cai; G. K. W. Wong,Germany,1
H. Castellanos; C. Vieira; A. Magana,Argentina,1
H. Chateau-Laurent; F. Alexandre,Italy,1
H. Ding,Spain,1
H. Ehsan; C. Ohland; T. Dandridge; M. Cardella,Australia,1
H. Elhashemy; H. Abelson; T. Michaeli,China,1
H. Gao; Y. Zhang; K. Wang; F. Yu; T. Li,Canada,1
H. J. Jih; T. -Y. Huang; C. -C. Lin,Canada,1
H. Jamil,China,1
H. Jiang; M. Tang,USA,1
H. Khandan; T. Terano,Italy,1
H. Lee; W. Zhou; H. Bai; W. Meng; T. Zeng; K. Peng; S. Tong; T. Kumada,USA,1
H. Lim,India,1
H. Liu; S. Li; Y. Xiao,Brazil,1
H. Liu; Z. Wu; Y. Lu; L. Zhu,Brazil,1
H. M. Jamil,Germany,1
H. M. Jamil; X. Mou,Germany,1
H. Nagumo; Y. Oomori; Y. Takemura,Australia,1
H. Ren; L. Yang; L. Jiang; Y. Bai; W. Lu; J. Chang,China,1
H. Saleh,Mexico,1
H. Sharaf; A. Badr; I. Farag,Germany,1
H. Shoaib; M. Cardella; A. Madamanchi; D. Umulis,Japan,1
H. Tanioka; R. Yano,France,1
H. W. Fennell; J. A. Lyon; A. J. Magana; S. Rebello; C. M. Rebello; Y. B. Peidrahita,Germany,1
H. Wang,Spain,1
H. Wang; C. Zhang; W. Wang; X. Hu; F. Xu,Brazil,1
H. Wang; H. -T. Yang; C. -T. Sun,Japan,1
H. Yuan; Y. Ping,Italy,1
H. Yuemin; J. Linhong,Germany,1
H. Zhao; B. Sun,Brazil,1
"Hadad, Roxana and Hausman Jacobson, C. Meghan and Thomas, Kate and Sol\'{o}rzano, Germania and Kachovska, Mila and Yin, Yue",Canada,1
Hajipour Machiani N.; Taleizadeh A.A.; Toloo M.; Abedsoltan H.,Spain,1
"Hammond, Thomas C. and Oltman, Julia and Manfra, Meghan M.",Italy,1
Hanatani J.-I.; Kitagawa K.; Tomooka F.; Asada S.; Mitoro A.; Fujinaga Y.; Nishimura N.; Sato S.; Shibamoto A.; Fujimoto Y.; Kubo T.; Iwai S.; Tsuji Y.; Namisaki T.; Akahane T.; Kaji K.; Tanaka M.; Koizumi A.; Yorioka N.; Matsuda T.; Masuda H.; Takami M.; Kikuchi M.; Kawanishi M.; Ohoka K.; Watanabe D.; Kawasaki A.; Yoshiji H.,Chile,1
"Harrison, W. Scott and Hanebutte, Nadine",Canada,1
"Hawthorne, Elizabeth",France,1
"Heintz, Fredrik and Mannila, Linda",Canada,1
"Heintz, Fredrik and Mannila, Linda",Germany,1
"Henao, Cristhiam and Naranjo, Juan Sebasti\'{a}n and Cano, Sandra and Pe\~{n}e\~{n}ory, Victor M.",Argentina,1
Herng O.W.; Nasir A.S.A.; Sukor A.S.A.,Japan,1
"Herrero-\'{A}lvarez, Rafael",Argentina,1
"Hiley, Katherine and Cebolla, Hannah and Elshehaly, Mai",Germany,1
"Hill, Charlotte",Italy,1
"Hodhod, Rania and Khan, Shamim and Kurt-Peker, Yesem and Ray, Lydia",Canada,1
Hong Liu; Huichuan Duan; Xiyu Liu,China,1
"Hoover, Amy K. and Barnes, Jackie and Fatehi, Borna and Moreno-Le\'{o}n, Jes\'{u}s and Puttick, Gillian and Tucker-Raymond, Eli and Harteveld, Casper",Mexico,1
"Horn, Michael and Zaman, Bieke",USA,1
"Hoskey, Arthur and Zhang, Sen",Canada,1
"Howell, Linda and Jamba, Lisa and Kimball, A. Samuel and Sanchez-Ruiz, Arturo",UK,1
Hu M.; Li M.; Chen Y.; Liu H.,USA,1
"Hu, Chenglie",Australia,1
"Hu, Chiu-Fan and Wu, Cheng-Chih",France,1
Huang L.; Yang X.; Feng Y.; Huang H.-X.; Hu J.-Q.; Yan P.-Y.; Pan H.-D.; Xie Y.,Chile,1
"Huang, Wendy and Chan, Shiau Wei and Looi, Chee Kit",India,1
I. A; R. B; L. S; M. S. D; M. K,Japan,1
I. Dimos; C. Velaora; A. Kakarountas,Japan,1
I. E. Khuda; S. Ahmad; A. Ashraf Ateya,Canada,1
I. I. Moraru; J. C. Schaff; L. M. Loew,China,1
I. M. L. Souza; W. L. Andrade; L. M. R. Sampaio,Germany,1
I. Morais; M. S. Bachrach,Brazil,1
I. S. Ahmad; T. Y. Sim; C. A. Talib,Australia,1
I. S. Ahmad; T. Ying Sim; C. A. Talib; S. Lun Lau,Mexico,1
I. Santos; E. C. Grebogy; M. A. Castilho,India,1
I. Tingzon; N. Dejito; R. A. Flores; R. De Guzman; L. Carvajal; K. Z. Erazo; I. E. Contreras Cala; J. Villaveces; D. Rubio; R. Ghani,USA,1
I. Villanueva-Miranda; K. Mortimer; M. Akbar; R. R. Reyes; C. Ontiveros; S. Gray; P. Delgado; V. Medrano; M. Anderson; J. Ramirez; J. Vazquez,Spain,1
I. Vlahović; I. O. Biškupić,China,1
I. Yuliana; L. P. Octavia; E. Sudarmilah; M. Matahari,Japan,1
"Imberman, Susan P. and Sturm, Deborah and Azhar, Mohammad Q.",China,1
"India, Gesu and Ramakrishna, Geetha and Bisht, Jyoti and Swaminathan, Manohar",Canada,1
Iqbal N.; Bouri E.; Ozkan O.,Spain,1
"Israel, Maya and Liu, Ruohan and Yan, Wei and Sherwood, Heather and Martin, Wendy and Fancsali, Cheri and Rivera-Cash, Edgar and Adair, Alexandra",Mexico,1
"Iversen, Ole Sejer and Smith, Rachel Charlotte and Dindler, Christian",Brazil,1
J. -M. Su; C. -T. Liao; C. -T. Chen; L. -H. Wang,Australia,1
J. -M. Su; D. -Q. Lian,Mexico,1
J. -M. Su; S. -J. Wang,Canada,1
J. -M. Su; Y. -E. Lin; W. -F. Hsu; T. -T. Wu,China,1
J. A. Díaz Leon; W. E. Abad Jiménez; J. L. Barraza Ramírez; S. A. Frontado Aldana; A. T. A. Puma Alvites; R. L. Solórzano Pinzás,UK,1
J. A. Jiménez Toledo; C. A. Collazos; M. Ortega; D. X. Ramos,Chile,1
J. Arnedo-Moreno; D. García-Solórzano,France,1
J. Bishop; M. M. H. Goode,UK,1
J. Botev; K. Bellman,Spain,1
J. Broekens; L. Dai,Spain,1
J. Bross; A. E. Acar; P. Schilf; C. Meinel,China,1
J. Bustillo; P. Garaizar,Spain,1
J. Cao; S. D. Fleming; M. Burnett; C. Scaffidi,France,1
J. Causey; J. Stubblefield; J. Qualls; J. Fowler; L. Cai; K. Walker; Y. Guan; X. Huang,UK,1
J. Chen,Argentina,1
J. Chen; B. Lu,France,1
J. Coffen-Burke; K. -W. K. Yang; C. O. Taylor,Canada,1
J. Cross; E. Hamner; L. Zito; I. Nourbakhsh,USA,1
J. Cui; X. Ning; M. Wu; F. Li,Germany,1
J. D. Pinto; C. Quintana; R. M. Quintana,Argentina,1
J. D. R. García; J. M. León; M. R. González; G. Robles,Spain,1
J. Dong; J. -w. Zhang,Brazil,1
J. Dundas; M. Ling,Brazil,1
J. F. Calderón; J. Ebers,Brazil,1
J. F. Oliveira; C. C. Quarto; A. L. Silva Dos Santos; I. C. P. Belfort; E. de Jesus Viana Sá; J. R. S. Santos,China,1
J. F. Pane; M. B. Rosson,India,1
J. F. Pane; S. Wiedenbeck,Australia,1
J. F. Roscoe; S. Fearn; E. Posey,Canada,1
J. G. Taylor; M. Hartley,Germany,1
J. Good; K. Howland; K. Nicholson,Japan,1
J. Goode; K. Peterson; J. Malyn-Smith; G. Chapman,Brazil,1
J. Goode; K. Peterson; J. Malyn-Smith; G. Chapman,USA,1
J. Goodman; S. Lucas,India,1
J. Guniš; L. Šnajder; L. Antoni; P. Eliaš; O. Krídlo; S. Krajči,Mexico,1
J. H. Núñez; A. M. Ecos Espino; A. R. Alvitez; M. A. Latorre Vilca,Mexico,1
J. Han; X. Wang,Australia,1
J. Hanč; M. Hančová; V. Jurková; D. Šveda,Canada,1
J. Hu; C. Guan,Spain,1
J. Hu; Y. -h. Chen; C. Guan,USA,1
J. Huang; L. Hang,Spain,1
J. Huang; X. Zhang; Y. Tang,UK,1
J. I. Clark,India,1
J. Isaac; S. V. Babu,Canada,1
J. Kallberg; T. S. Cook,Brazil,1
J. Keene; H. M. Jamil,USA,1
J. Kim; C. Park; W. Jang; R. Y. C. Kim,USA,1
J. Kosztolányi; Z. Tégla,UK,1
J. Krugel; P. Hubwieser,France,1
J. L. Causey; K. Li; X. Chen; W. Dong; K. Walker; J. A. Qualls; J. Stubblefield; J. H. Moore; Y. Guan; X. Huang,Spain,1
J. Li; C. -j. Li,UK,1
J. Li; J. Cuddapah; M. Torres-Crespo; A. Stewart; A. Williams,UK,1
J. Liao; L. Zhong; L. Zhe; H. Xu; M. Liu; T. Xie,France,1
J. Liu; L. Wang,Australia,1
J. Liu; M. Zhang; X. Hu,Germany,1
J. Liu; X. Xia; Y. Bai; P. Liu,China,1
J. Liu; Y. Bai; X. Xia,France,1
J. Liu; Z. Sun,USA,1
J. Ma; Y. Zhang; H. Bin; K. Wang; J. Liu; H. Gao,USA,1
J. Maiyuran; A. Bajwa; A. Bell; E. Hemberg; U. -M. O’Reilly,Italy,1
J. Minaya; P. Marini; G. Alfaro; J. Tanta; F. Socualaya; R. Temoche; J. Diaz,Spain,1
J. Moon; Y. Kim; S. B. Kim,France,1
J. Moreno-LeÓn; G. Robles; M. RomÁn-GonzÁlez,Australia,1
J. Moreno-León; C. Chushig; G. Robles,USA,1
J. Moreno-León; G. Robles,China,1
J. Moreno-León; G. Robles,UK,1
J. Moreno-León; G. Robles; M. Román-González,India,1
J. Moreno-León; M. Román-González; G. Robles,Mexico,1
J. Offutt; K. Baral,USA,1
J. P. Rodríguez; L. A. Cecchi,Brazil,1
J. Pietros; S. Sweetman; M. Shim,Brazil,1
J. R. Fanfarelli,UK,1
J. Shen,China,1
J. Si; H. Feng; Z. Niu; Y. Bian; Y. Fu; H. Guo; Z. Su; W. Deng; X. Li,Australia,1
J. Wang; W. Zhang; X. Zeng; P. Li,Spain,1
J. Yang,Chile,1
J. Ye; H. Hu; Z. Wang; R. Sheng,Canada,1
J. Ye; X. Lai; G. K. W. Wong,Argentina,1
J. Zhang,Spain,1
J. Zhang; Y. Zhang; Y. Lin,Argentina,1
J. Á. Ariza,Argentina,1
J. Á. Velázquez-Iturbied,Argentina,1
"J\""{o}rg, Sophie and Leonard, Alison E. and Babu, Sabarish and Gundersen, Kara and Parmar, Dhaval and Boggs, Kevin and Daily, Shaundra Bryant",India,1
"Jacob, Sharin Rawhiya and Parker, Miranda C. and Warschauer, Mark",USA,1
"Jamieson, Alan C. and Jamieson, Lindsay H.",Italy,1
"Jeon, Inseong and Song, Ki-Sang",Chile,1
"Jiang, Shan and Wong, Gary K.W.",UK,1
"Jimenez, Yerika and Hays, Theodore and Gardner-McCune, Christina",Germany,1
Jingye Qu,Argentina,1
"Jordan, Michael I.",Argentina,1
"Jordan, Michael I.",France,1
"Jordan-Douglass, Anna and Kumar, Vishesh and Woods, Peter J.",Canada,1
"Jormanainen, Ilkka and Tukiainen, Markku",UK,1
"Jos\'{e} Garc\'{\i}a-Pe\~{n}alvo, Francisco and Conde, Miguel \'{A}ngel and Gon\c{c}alves, Jos\'{e} and Lima, Jos\'{e}",India,1
"Joseph Agbo, Friday and Sunday Oyelere, Solomon and Suhonen, Jarkko and Tukiainen, Markku",Australia,1
K. -C. Yeh; Y. Xie; F. Ke,France,1
K. -H. Yang; H. -Y. Lin,Spain,1
K. Adam; R. Lightfoot; M. Chowdhury; J. Phillip Donaldson,China,1
K. Arraki; K. Blair; T. Bürgert; J. Greenling; J. Haebe; G. Lee; A. Peel; V. Szczepanski; E. Pontelli; S. Hug,Australia,1
K. Cui,Germany,1
K. Daungcharone,Mexico,1
K. Falkner; R. Vivian; N. Falkner,India,1
K. G. Herbert-Berger; S. Hagiwara; E. M. Rogacki; T. J. Marlowe,UK,1
K. H. Koh; A. Basawapatna; H. Nickerson; A. Repenning,Australia,1
K. H. Koh; A. Basawapatna; V. Bennett; A. Repenning,Canada,1
K. Heljakka; P. Ihamäki; P. Tuomi; P. Saarikoski,Spain,1
K. Hinsen,Argentina,1
K. Howland,Australia,1
K. Howland; J. Good; K. Nicholson,Japan,1
K. Ito,France,1
K. Jäckel; M. Garai-Fodor,Japan,1
K. Kalovrektis; I. Dimos; A. Xanakis; A. Kakarountas,USA,1
K. Klinbumrung; K. Surpare; P. Sukmak,Australia,1
K. McMaster; B. Rague; N. Anderson,Brazil,1
K. Mensing; J. Mak; M. Bird; J. Billings,Italy,1
K. Miková; Z. Kubincová,Canada,1
K. S. Borges; C. S. de Menezes; L. da Cruz Fagundes,UK,1
K. S. Oskooyee; M. M. R. Kashani; A. Harounabadi,Mexico,1
K. Surpare; C. Seetao,USA,1
K. T. Fernandes; E. H. da Silva Aranha; M. J. N. R. Lucena; G. L. de Souza Fernandes,Australia,1
K. Tavares Fernandes; M. Lucena; E. Aranha,Mexico,1
K. Tengler; O. Kastner-Hauler; B. Sabitzer,Brazil,1
K. Tengler; O. Kastner-Hauler; B. Sabitzer,France,1
K. V. Lehmkuhl-Dakhwe,USA,1
K. W. Hipel,Chile,1
K. Wachira; H. O. Absaloms,Germany,1
K. Yevseyeva; M. Towhidnejad,Germany,1
K. Z. Turdievna; K. M. Abdijabborovna; A. R. Kadirjanovich,Argentina,1
"Kafai, Yasmin B.",Canada,1
"Kafura, Dennis and Bart, Austin Cory and Chowdhury, Bushra",Chile,1
"Kafura, Dennis and Bart, Austin Cory and Chowdhury, Bushra",Japan,1
"Kalliopi, Kanaki and Michail, Kalogiannakis",Spain,1
Kan Y.; Wan B.; Chen Y.; Qiu X.; Qiao Z.; Zhou J.; Hu X.; Ke S.; Qiao K.; Liu X.; Bu T.; Zhang W.; Yang Y.,India,1
"Kastelein, Kate and Dawson, Kelsie and Tate, Rhonda",Mexico,1
Kebriaei A.; Besharati R.; Namdar Ahmad Abad H.; Havakhah S.; Khosrojerdi M.; Azimian A.,Japan,1
"Killen, Heather and Coenraad, Merijke and Byrne, Virginia and Cabrera, Lautaro and Mills, Kelly and Ketelhut, Diane Jass and Plane, Jandelyn D.",France,1
Kim D.Y.; Miranda-Romo D.; Ten Cate A.R.; Hellberg R.S.,Spain,1
"Kim, Han Sung and Kim, Soohwan and Na, Wooyoul and Lee, Woon Jee",Mexico,1
"Kirkpatrick, Keith",Japan,1
"Klopfenstein, Lorenz Cuno and Delpriori, Saverio and Maldini, Riccardo and Bogliolo, Alessandro",India,1
"Koh, Kyu Han and Nickerson, Hilarie and Basawapatna, Ashok and Repenning, Alexander",France,1
Kong W.; Pei Z.; Guo Z.; Xu R.; Zhao J.,Mexico,1
"Kong, Siu-Cheung and Lao, Andrew Chan-Chio",China,1
"Koning, Josina I. and Faber, Hylke H. and Wierdsma, Menno D. M.",China,1
"Kules, Bill",Australia,1
"Kunz, Katrin and Moeller, Korbinian and Ninaus, Manuel and Trautwein, Ulrich and Tsarava, Katerina",Brazil,1
"Kutay, Emine and Oner, Diler",Brazil,1
Käll A.; Bäck M.; Fahlroth O.; Ekeflod E.; Lundberg A.; Viberg N.; Andersson G.,France,1
L. -j. Yin; R. -x. Zuo; Y. Zhao,India,1
L. A. Beatriz; A. Alejandro; F. Alejandro; H. Jimena,Mexico,1
L. A. Perine; R. K. Gnanasekaran; P. Nicholas; A. Hill; R. Marciano,Chile,1
L. Alvarado; C. Falcon; J. Gutiééérrez-Cááárdenas; V. S. Romero-Romero,Australia,1
L. Bin,Japan,1
L. Chaoan,Germany,1
L. Chen; J. Xia; J. Tao,Italy,1
L. D. Miller; L. -K. Soh; V. Chiriacescu; E. Ingraham; D. F. Shell; S. Ramsay; M. P. Hazley,UK,1
L. Echeverría; R. Cobos; M. Morales,Japan,1
L. Echeverría; R. Cobos; M. Morales; F. Moreno; V. Negrete,Argentina,1
L. Honglin; N. Yifan,Argentina,1
L. Horvath; I. J. Rudas,China,1
L. Horváth; G. Szabó; I. J. Rudas,Argentina,1
L. Horváth; I. J. Rudas,Mexico,1
L. Horváth; I. J. Rudas,UK,1
L. Horváth; I. J. Rudas; G. Hancke,Chile,1
L. Jeranoski; P. Leitão,UK,1
L. Kralj,Germany,1
L. Laura-Ochoa; N. Bedregal-Alpaca,China,1
L. Li; S. Liu; K. Zhang,Japan,1
L. Li; Y. Zheng; F. Zheng; S. Zhong,China,1
L. Liao; J. Liang,Japan,1
L. M. Cruz Castro; A. J. Magana; K. A. Douglas; M. Boutin,France,1
L. M. de Souza; B. M. Ferreira; I. M. Félix; L. de Oliveira Brandão; A. A. F. Brandão; P. A. Pereira,Argentina,1
L. Ma; J. Hu; Y. Chen; X. Liu; W. Li,UK,1
L. Malva; D. Hooshyar; Y. Yang; M. Pedaste,Japan,1
L. Orozco-Garcia; C. Gonzalez; J. Montano; C. Mondragon; H. Tobar-Munoz,Chile,1
L. Perlovsky,Chile,1
L. Quezada; M. Maldonado,Argentina,1
L. R. Varshney; F. Pinel; K. R. Varshney; D. Bhattacharjya; A. Schörgendorfer; Y. . -M. Chee,Canada,1
L. Rakhmawati; A. I. Agung; M. Rohman,Spain,1
L. Ribeiro Silva; A. Pedro da Silva; A. Toda; S. Isotani,France,1
L. Ribeiro; D. J. Nunes; M. K. d. Cruz; E. d. S. Matos,Japan,1
L. S. Riza; I. A. Aryani; Y. Wihardi; E. F. Rahman; Herbert; Haviluddin,Argentina,1
L. Sun,Mexico,1
L. Suyi; Z. Leduo,USA,1
L. Wang; J. Zhou; X. Li,USA,1
L. Xiaoqin; G. Baoling,India,1
L. Xu; M. -W. Tong; B. Li; J. Meng; C. -Y. Fan,USA,1
L. Yingjie; W. Cuihua,Argentina,1
L. Zeng; M. Zuo; X. Lu,UK,1
L. Zou; H. Yang,France,1
"L\'{o}pez, Arturo Rojas and Garc\'{\i}a-Pe\~{n}alvo, Francisco J.",India,1
Labidi A.; Aissa T.; Fliss O.; Bensegueni R.; Jebali S.; Zid M.F.; Latrous L.; Megriche A.,Canada,1
"Labusch, Amelie",Spain,1
"Lai, Rina P. Y.",Japan,1
"Lai, Rina P.Y.",USA,1
"Lall\'{e}, S\'{e}bastien and Yal\c{c}\i{}n, \""{O}zge Nilay and Conati, Cristina",UK,1
"Lamprou, Anna and Repenning, Alexander",Argentina,1
"Lang, Catherine",Italy,1
Langer M.; Demetriou A.; Arvanitidis A.; Vanderveken S.; Hiemstra A.M.F.,India,1
"LeBlanc, Mark D.",Japan,1
"Lee, Dongeun and Hu, Kaoning and El Ariss, Omar and Kwon, Kibum",Germany,1
"Lee, Irene and Martin, Fred and Apone, Katie",Australia,1
"Lee, Irene and Martin, Fred and Denner, Jill and Coulter, Bob and Allan, Walter and Erickson, Jeri and Malyn-Smith, Joyce and Werner, Linda",Spain,1
"Leela, Soralak and Chookeaw, Sasithorn and Nilsook, Prachyanun",Italy,1
"Lehtim\""{a}ki, Taina and Hamm, James and Mooney, Aidan and Casey, Kevin and Monahan, Rosemary and Naughton, Thomas J.",Japan,1
"Lehtim\""{a}ki, Taina and Monahan, Rosemary and Mooney, Aidan and Casey, Kevin and Naughton, Thomas J.",Argentina,1
"Lehtim\""{a}ki, Taina and Monahan, Rosemary and Mooney, Aidan and Casey, Kevin and Naughton, Thomas J.",China,1
"Lehtim\""{a}ki, Taina and Monahan, Rosemary and Mooney, Aidan and Casey, Kevin and Naughton, Thomas J.",France,1
"Levitt, Diane and Garfus-Knowles, Dylana and Khuu, Wyman and Siddappa, Sara",USA,1
"Li, Jiang and Shockey, Paulette and Cuddapah, Jennifer and Graybeal, Christy and Torres-Crespo, Marisel and Williams, Anthony",Canada,1
"Li, Wei-Lin and Hu, Chiu-Fan and Wu, Cheng-Chih",Mexico,1
"Li, Xin-Zhu and Chen, Chun-Ching and Kang, Xin",India,1
"Li, Xin-Zhu and Kang, Xin",Argentina,1
"Li, Xing and Xiang, Hui and Zhou, Xiaochun and Jing, Huang",China,1
"Li, Xing and Zhang, Yi and Huang, Jing",Canada,1
"Li, Xing and Zhao, MingYue and Ai, Di and Zhou, XiaoChun and Xiang, Hui",Brazil,1
"Liao, Chen-Huei and Hsu, Hui-Ju and Wu, Pei-Chen",Brazil,1
"Lin, Lorraine and Parmar, Dhaval and Babu, Sabarish V. and Leonard, Alison E. and Daily, Shaundra B. and J\""{o}rg, Sophie",Argentina,1
Lina Wang,Argentina,1
"Liu, Hui and Li, Zhen and Duan, Jia Ting and Zeng, Yu",Brazil,1
"Liu, Ruohan and Luo, Feiya and Israel, Maya",Canada,1
"Liu, Xiaoying and Cong, Longjie and Xu, Jihong",India,1
"Liu, Yaqin and Ma, Zhiqiang and Qian, Yizhou",USA,1
"Liu, Yu-Yu and Iversen, Ole Sejer",Germany,1
"Lodi, Michael",UK,1
"Lonati, Violetta and Monga, Mattia and Malchiodi, Dario and Morpurgo, Anna",Argentina,1
"Lowe, Tony and Brophy, Sean and Cardella, Monica",France,1
Lu H.; Zhang L.; Du H.; Guo X.; Liu H.,Germany,1
"Lu, James J. and Fletcher, George H.L.",Brazil,1
"Lu, James J. and Fletcher, George H.L.",Chile,1
"Lunding, Mille Skovhus and Gr\o{}nb\ae{}k, Jens Emil Sloth and Bilstrup, Karl-Emil Kj\ae{}r and S\o{}rensen, Marie-Louise Stisen Kjerstein and Petersen, Marianne Graves",Mexico,1
"Luo, Feiya and Israel, Maya and Gane, Brian",Australia,1
"Luo, Feiya and Israel, Maya and Liu, Ruohan and Yan, Wei and Gane, Brian and Hampton, John",Canada,1
"Luo, Feiya and Yan, Wei and Liu, Ruohan and Israel, Maya",France,1
M. -h. Tai; B. P. Woolf; I. Arroyo,Mexico,1
M. A. Breuer,Mexico,1
M. A. Rahimian; A. Jadbabaie; E. Mossel,Japan,1
M. Al-Shammaa; M. F. Abbod,USA,1
M. Altaher; A. Ferchichi,Australia,1
M. Altaher; A. Ferchichi,Italy,1
M. Altaher; A. Ferchichi,USA,1
M. Andrzejewska; A. Stolińska,Chile,1
M. Asasian Kolur,Argentina,1
M. Awatramani; D. Rover,UK,1
M. C. Jackson,Australia,1
M. C. Jackson,Chile,1
M. C. Utesch; N. D. Faizan; H. Krcmar; R. Heininger,Brazil,1
M. Calabrese; V. Piuri; V. Di Lecce,Spain,1
M. Coenraad; K. Mills; V. L. Byrne; D. J. Ketelhut,Spain,1
M. Csernoch; P. Biró; J. Máth,Germany,1
M. Cutumisu; C. Adams; F. Glanfield; C. Yuen; C. Lu,UK,1
M. Cutumisu; Q. Guo,Germany,1
M. Daniels; A. Pears; A. Nylén,Germany,1
M. Dickerson; A. E. Yun,USA,1
M. Dumančić; N. Rogulja; K. Tomljenović,Germany,1
M. E. Hadi; K. S. Nur Atiqoh; Kadir,Chile,1
M. El Maouch; Z. Jin,Spain,1
M. Elshahawy; M. Bakhaty; N. Sharaf,India,1
M. Fan; K. Wu; J. Zhao; Y. Li; W. Wei; K. N. Truong,Germany,1
M. Fukui; Y. Sano; L. Xiang; E. T. Ong; W. N. Yanuarto; S. Anggoro; K. T. Ng,Italy,1
M. Grasser; F. Mayer,Spain,1
M. H. Rana; V. A. Hameed,Germany,1
M. J. C. Guerrero; M. Alier Forment,Mexico,1
M. J. Mohammadi-Aragh; Y. Sun; J. L. Dyer; J. G. Harris; C. A. Robinson; M. Bai; J. K. Kavanagh; K. E. Ball,Canada,1
M. J. Rico Lugo; X. B. Olabe; N. M. Niño,Canada,1
M. Johnson; H. Swanson; J. Edwards,Australia,1
M. Kaleem; M. A. Hassan; S. K. Khurshid,USA,1
M. L. Barron-Estrada; R. Zatarain-Cabada; B. A. Cardenas-Sainz,China,1
M. L. Lupetti; M. Van Mechelen,USA,1
M. L. Radhakrishnan,Argentina,1
M. L. Raia; A. G. Martins; G. P. A. Kas; M. A. Eliseo,Mexico,1
M. Lee; Y. Zhang; S. Chen; E. Spencer; J. Dela Cruz; H. Hong; R. Marciano,Canada,1
M. Lewis; A. Holloman; B. Y. Hernández Cuevas; C. Crawford,Spain,1
M. M. Rahman; M. H. Sharker; R. Paudel,Chile,1
M. Mandanici; S. Spagnol,Germany,1
M. Milrad,India,1
M. Missiroli; D. Russo; P. Ciancarini,Argentina,1
M. N. Vouvakis; J. Moshfegh,France,1
M. Nojoumian; T. T. Tran,Mexico,1
M. Pedaste; T. Palts; K. Kori; M. Sõrmus; Ä. Leijen,Australia,1
M. Philip; V. G. Renumol; R. Gopeekrishnan,Italy,1
M. Pilichowski; W. Duch,Japan,1
M. Pogatsnik,Argentina,1
M. Pogatsnik; É. Beke; R. B. Kendrovics,Mexico,1
M. Ragan; B. Marsh,Australia,1
M. Roopaei; J. Horst,Mexico,1
M. Rottenhofer; T. Rankin; B. Sabitzer,Canada,1
M. S. Geremias; T. C. Dutra; I. Gasparini; E. Maschio,France,1
M. S. Mirza; S. Datta,China,1
M. S. Peteranetz; A. E. Flanigan; D. F. Shell; L. -K. Soh,India,1
M. S. Peteranetz; A. E. Flanigan; D. F. Shell; L. -K. Soh,USA,1
M. Siegel,Canada,1
M. Spezialetti,USA,1
M. Stella; A. Kapuza; C. Cramer; S. Uzzo; V. Latora,India,1
M. Talanov; J. Vallverdú; S. Distefano; M. Mazzara; R. Delhibabu,China,1
M. Tissenbaum; J. Sheldon; L. Seop; C. H. Lee; N. Lao,Argentina,1
M. Towhidnejad; C. Kestler; S. Jafer; V. Nicholas,China,1
M. U. Bers,Chile,1
M. Vijayalakshmi; M. M. Raikar,India,1
M. Wang,Mexico,1
M. Wu; J. Hao,India,1
M. Xiao; X. Yu,Argentina,1
M. Zapata-C&#x00E1;ceres; E. Mart&#x00ED;n-Barroso; M. Rom&#x00E1;n-Gonz&#x00E1;lez,Canada,1
M. Zapata-Cáceres; E. Martín-Barroso; M. Román-González,Argentina,1
M. Zhao; M. Zhao; X. -H. Wang; H. -L. Ma,India,1
M. Zhao; W. Hu,Spain,1
Macalli M.; Castel L.; Jacqmin-Gadda H.; Galesne C.; Tournier M.; Galéra C.; Pereira E.; Tzourio C.,Brazil,1
"Magda, David and Gardner-McCune, Christina and Jimenez, Yerika and Chu, Sharon and Kulkarni, Abhishek",Argentina,1
"Magdy, Amr and Dony, Coline",France,1
Mahlooji M.; Beni R.N.; Mehraban F.; Seyedarabi A.,USA,1
"Maiorana, Francesco",Mexico,1
"Maitz, Katharina and Paleczek, Lisa and Danielowitz, Claudia",USA,1
Mamani-Huanca M.; Martínez S.; López-López Á.; López-Gonzálvez Á.; Albóniga O.E.; Gradillas A.; Barbas C.; González-Ruiz V.,France,1
Mambretti M.; Premoli L.; Lucchini S.; Govetto A.; Carimati F.; Radice P.,France,1
Manikandan R.; Jang H.-G.; Kim C.-S.; Yoon J.-H.; Lee J.; Paik H.-J.; Chang S.-C.,Chile,1
"Mannila, Linda and Skog, Mia",USA,1
"Maraza Quispe, Benjamin and Alejandro Oviedo, Olga Melina and Choquehuanca Quispe, Walter and Quispe Flores, Lita Marianela and Caytuiro Silva, Nicolas Esleyder and Choquehuayta Palomino, Sim\'{o}n Angel",Chile,1
"Martin, Fred and Lee, Irene and Lytle, Nicholas and Sentance, Sue and Lao, Natalie",China,1
Maryani I.; Irsalinda N.; Jaya P.H.; Sukma H.H.; Raman A.,Germany,1
"Masiulionyte-Dagiene, Vaida",Mexico,1
"Mason, Dave and Khan, Irfan and Farafontov, Vadim",Mexico,1
"Masood, Mehreen and Khawaja, Mujtaba Ahmed and Sharif, Muhammad Shehryaar and Iqbal, Omer and Mehmood Butt, Momin and Shahid, Suleman",Mexico,1
Massard M.; Saussereau B.; Chirouze C.; Lepiller Q.; Eftimie R.; Perasso A.,China,1
"McCall, Lauren and Allen, Brittney and Freeman, Jason and Garrett, Stephen and Grossman, Sabrina and Paz, Jed and Edwards, Doug and McKlin, Tom and Lee, Taneisha",France,1
"Meerbaum-Salant, Orni and Haberman, Bruria and Pollack, Sarah",Australia,1
Mercier É.; D'Aoust P.M.; Eid W.; Hegazy N.; Kabir P.; Wan S.; Pisharody L.; Renouf E.; Stephenson S.; Graber T.E.; MacKenzie A.E.; Delatolla R.,Japan,1
"Meyer-Baron, Larissa and Stieger, Ramona and Waldvogel, Bettina and Schumann, Nicole and Ruedisueli, Cornelia and Mayr, Franziska",Canada,1
"Meza, Federico and V\'{a}squez, Andrea and San Mart\'{\i}n, Daniel",Argentina,1
"Mike, Koby and Ragonis, Noa and Rosenberg-Kima, Rinat B. and Hazzan, Orit",Germany,1
"Mills, Kelly and Angevine, Colin and Weisgrau, Josh",France,1
Mingzhu Li; Zhangping Lu; Liqing Huang; Canqun He,Mexico,1
"Montero, Calkin Suero",Argentina,1
"Montero, Calkin Suero",Spain,1
"Moreira Oliveira, Carolina",Italy,1
"Moreno-Le\'{o}n, Jes\'{u}s and Rom\'{a}n-Gonz\'{a}lez, Marcos and Harteveld, Casper and Robles, Gregorio",Spain,1
"Moreno-Le\'{o}n, Jesus and Vasco-Gonz\'{a}lez, Margarita and Rom\'{a}n-Gonz\'{a}lez, Marcos and Robles, Gregorio",Argentina,1
"Morrison, Briana B. and Dorn, Brian and Friend, Michelle",Argentina,1
"Moudgalya, Sukanya Kannan and Yadav, Aman and Sands, Philip and Vogel, Sara and Zamansky, Mike",China,1
"Munasinghe, Bhagya and Bell, Tim and Robins, Anthony",Japan,1
"Munasinghe, Bhagya and Bell, Tim and Robins, Anthony",Mexico,1
"Musabirov, Ilya and Suschevskiy, Vsevolod",Italy,1
"Musaeus, Line Have",Brazil,1
"Musaeus, Line Have and Musaeus, Peter",Japan,1
"Musaeus, Line Have and Petersen, Marianne Graves and Klokmose, Clemens Nylandsted and Iversen, Ole Sejer",Japan,1
"Musaeus, Line Have and S\o{}rensen, Marie-Louise Stisen Kjerstein and Palfi, Blanka S\'{a}ra and Iversen, Ole Sejer and Klokmose, Clemens Nylandsted and Petersen, Marianne Graves",Canada,1
N. A. M. Alharbi; Q. I. Cutts,UK,1
N. A. N. Ahamad; I. Ismail; N. H. M. Zain; M. Ismail,Japan,1
N. A. Nunez; G. Cornejo-Meza; S. A. Sánchez,Argentina,1
N. Adnan; S. N. H. S. Abdullah; R. J. Raja Yusof; N. F. A. Zainal; F. Qamar; E. Yadegaridehkordi,India,1
N. Ahmadi; M. Jazayeri,Chile,1
N. Ahmadi; M. Jazayeri; M. Landoni,Germany,1
N. Bean; J. Weese; R. Feldhausen; R. S. Bell,Brazil,1
N. Chuumchuen; K. Surpare,China,1
N. Dehbozorgi; M. Roopaei,Spain,1
N. F. Rozali; N. M. Zaid; N. M. Noor; N. H. Ibrahim,UK,1
N. Fanchamps; L. Slangen; M. Specht; P. Hennissen,Mexico,1
N. J. Ruzycki; L. Dela Fuente Imperial; K. Dulany; J. Carter; S. N. Kerr; C. A. Danger; L. Arnold,India,1
N. K. Jha; P. K. Bhowmik; K. K. Bhagat,Argentina,1
N. K. Ramsoonder; S. Kinnoo; A. J. Griffin; C. Valli; N. F. Johnson,Brazil,1
N. Keseric; M. Saguan; G. Hadjee,China,1
N. Mavengere; M. Ruohonen,France,1
N. Nesiba; E. Pontelli; T. Staley,Italy,1
N. P. Whitehead; W. T. Scherer; M. C. Smith,France,1
N. Pellas; S. Vosinakis,Italy,1
N. Pierim Pereira; K. dos Santos Silva; V. Odakura,USA,1
N. R. Ramadhani; A. Mulyanto; G. S. Niwanputri,Spain,1
N. Ragonis; O. Hazzan,Chile,1
N. Sharaf; G. Ahmed; A. Adel; S. Abdennadher; K. Berkling,USA,1
N. V. Do; H. D. Nguyen,Italy,1
N. V. M. Diaz; D. A. Trytten; R. Meier; S. Y. Yoon,Spain,1
N. V. Mendoza Diaz; D. A. Trytten; R. Meier,Brazil,1
N. V. Mendoza Diaz; R. Meier; D. A. Trytten; S. Yoon Yoon,India,1
N. V. Mendoza Diaz; S. Y. Yoon; D. A. Trytten; R. Meier,Chile,1
N. Vasker; M. M. I. Khan; S. S. Dihan; H. A. J. M. Tamim,France,1
N. Yongsatianchot; S. Marsella,UK,1
"Nardelli, Enrico",USA,1
Nguyen B.K.Q.; Pham D.T.N.,UK,1
"Nickerson, Hilarie and Brand, Catharine and Repenning, Alexander",Argentina,1
"Nicolajsen, Sebastian Mateos and Pischetola, Magda and Grabarczyk, Pawel and Brabrand, Claus",Mexico,1
"Niemel\""{a}, Pia and Partanen, Tiina and Harsu, Maarit and Lepp\""{a}nen, Leo and Ihantola, Petri",Germany,1
"Niousha, Rose and Saito, Daisuke and Washizaki, Hironori and Fukazawa, Yoshiaki",Spain,1
Nishiura H.; Fujiwara S.; Imamura A.; Shirasaka T.,Germany,1
Nor S.R.M.; Samsudin N.S.; Manap M.A.; Norrulashikin S.M.,UK,1
O. Abdullah; A. Kamaludin; N. S. A. Rahman,Canada,1
O. Adeyemi; B. Hui,Italy,1
O. Mesnard; L. A. Barba,Chile,1
O. Yaşar,Canada,1
Oakley E.; Vintges J.; Abu Hamad B.; Mitu K.; Seager J.; Yadete W.; Jones N.; Baird S.,Spain,1
"Ojeda-Ramirez, Santiago and Parker, Miranda C. and Garcia, Leiny and Tate, Tamara and Villa, Jillian Rae and Warschauer, Mark",Chile,1
"Okerlund, Johanna and Shaer, Orit and Latulipe, Celine",France,1
"Om, Chimi and Brereton, Margot and Vella, Kellie and Ploderer, Bernd and Dema, Tshering and Dobson, Madeleine Rose and Murcia, Karen",India,1
"Ord\'{o}\~{n}ez Franco, Patricia and Carroll-Miranda, Joseph and L\'{o}pez Delgado, Mar\'{\i}a and Gerena L\'{o}pez, Eliud and Rodr\'{\i}guez G\'{o}mez, Grace",Italy,1
"Ortiz, Julia and Moreira, Carolina and Menezes, Krissia and Ferrari, Bernardo and Junior, Deogenes and Pereira, Roberto",India,1
"Ottenbreit-Leftwich, Anne and Yadav, Aman",Spain,1
"Ouaazki, Abdessalam and Bergram, Kristoffer and Farah, Juan Carlos and Gillet, Denis and Holzer, Adrian",Germany,1
"Ouyang, Youwen and Hayden, Katherine L. and Remold, Julie",France,1
"Ouyang, Youwen and Hayden, Katherine L. and Remold, Julie",Germany,1
P. -D. Lai; Y. Xiao,Australia,1
P. -H. Cheng; H. -C. Chang; F. -H. Chang,Argentina,1
P. -H. Lin; S. -Y. Chen,Australia,1
P. -N. Chou,Australia,1
P. -j. Wang,Brazil,1
P. A. Gadekar; S. V. Tikhe,Canada,1
P. Anitha; S. K. Babu; U. R.; R. R. Bhavani,Chile,1
P. B. Henderson,Spain,1
P. Boechler; C. Artym; E. Dejong; M. Carbonaro; E. Stroulia,Germany,1
P. C. . -H. Cheng,Canada,1
P. Chen; R. Huang,Chile,1
P. Ciancarini; D. Russo; M. Missiroli,Spain,1
P. Gao; M. Lu; H. Zhao; M. Li,USA,1
P. Garcia; A. Jackson; L. -A. Jacobs,Brazil,1
P. Gou; W. Zhang; Y. Han,Germany,1
P. J. Denning,Mexico,1
P. J. Denning; M. Tedre,Argentina,1
P. J. Denning; M. Tedre,Brazil,1
P. J. Denning; M. Tedre,Chile,1
P. J. Denning; M. Tedre,Germany,3
P. J. Denning; M. Tedre,India,2
P. J. Denning; M. Tedre,Italy,3
P. J. Denning; M. Tedre,Japan,2
P. J. Denning; M. Tedre,Mexico,1
P. J. Denning; M. Tedre,Spain,1
P. J. Denning; M. Tedre,UK,2
P. Kamthan; N. Shahmir,China,1
P. Karampiperis; A. Koukourikos; E. Koliopoulou,Argentina,1
P. Karimi; M. L. Maher; K. Grace; N. Davis,France,1
P. Ko,Canada,1
P. Larsson; M. -V. Apiola; M. -J. Laakso,Italy,1
P. Olivier; K. Nakata,Japan,1
P. Padmanabhan; A. Baez; C. Caiseda; K. McLane; N. Ellanki; P. Seshaiyer; B. Kwon; E. Massawe,India,1
P. Perez-Murueta; L. H. González-Guerra,Spain,1
P. Pine; L. I. Paina,Japan,1
P. Plaza; M. Castro; J. M. Sáez-López; E. Sancristobal; R. Gil; A. Menacho; F. García-Loro; B. Quintana; S. Martin; M. Blázquez; A. Macho; P. Baizán; F. Mur; G. Carro; C. Pérez; R. Carrasco; Á. López-Rey; M. Rodriguez-Artacho; J. A. Ruipérez-Valiente,Spain,1
P. Saariluoma; A. Karvonen,France,1
P. Seisenbekova; A. Shayakhmetova; M. Othman,Spain,1
P. Silapachote; A. Srisuphab,Mexico,1
P. Silapachote; A. Srisuphab; A. Hoonlor; T. Sunetnanta,USA,1
P. Snalune,Italy,1
P. Sosnin,Australia,1
P. Sosnin; A. Kulikova,USA,1
P. Srisangngam; C. Dechsura,Brazil,1
P. Toth,Brazil,1
P. W. Kim,USA,1
P. Wang,China,1
P. Wentworth,Australia,1
P. Wentworth,Brazil,1
P. Y. Arslan; F. Kayali,Germany,1
P. Yadav; I. Charalampidis; J. Cohen; J. Darlington; F. Grey,Canada,1
P. Zhou; Y. Tang; Y. Zhang; Y. Yu; Y. Li,Mexico,1
P. Šaloun; M. Kolárová; D. Andrešič; M. Malčik; M. Klement,Mexico,1
Pacheco J.; Casado S.,Italy,1
"Padhye, Harsh and Gibson, Rachel and Bull, Glen and Nguyen, N. Rich",China,1
Palandri L.; Rizzi C.; Vandelli V.; Filippini T.; Ghinoi A.; Carrozzi G.; Girolamo G.D.; Morlini I.; Coratza P.; Giovannetti E.; Russo M.; Soldati M.; Righi E.; Azzalini D.; Barbieri R.; Bechtold P.; Borsari L.; Creola G.; Ferrari A.; Ferrari D.; Ferrari E.; Fioretti E.; Gatti M.G.; Iacuzio L.; Iseppi R.; Lugli C.; Monti M.; Morciano M.,Spain,1
"Palts, Tauno and Pedaste, Margus",Italy,1
"Paludo, Giulia and Montresor, Alberto",Chile,1
Pan Y.; Zuo Z.; Huang X.; Zhu R.,France,1
"Panoff, Robert Michael",Spain,1
"Parkinson, Jack",Japan,1
"Pasterk, Stefan and Benke, Gertraud",Germany,1
Paul; Eldabi; Kuljis,Argentina,1
Pei-Jin Wang; Yi-Bin Song,UK,1
Peijin Wang; Yibin Song,Germany,1
"Pel\'{a}nek, Radek and Effenberger, Tom\'{a}\v{s}",USA,1
"Pellar-Kosbar, Meara and Gaines, Dylan and Monroe, Lauren and Rospierski, Alec and Martin, Alexander and Vigna, Ben and Stewart, Devin and Perttunen, Jared and Voss, Calvin and Pastel, Robert and Ureel, Leo C.",France,1
"Peteranetz, Markeya S. and Morrow, Patrick M. and Soh, Leen-Kiat",Germany,1
"Pietros, Jennifer and Sweetman, Sara and Shim, Minsuk",Spain,1
"Pinto-Llorente, Ana M and Mart\'{\i}n, Sonia Casillas and Gonz\'{a}lez, Marcos Cabezas and Garc\'{\i}a-Pe\~{n}alvo, Francisco Jos\'{e}",Italy,1
"Pires, Ana Cristina and Rocha, Filipa and Guerreiro, Tiago and Nicolau, Hugo",USA,1
"Pokorny, Kian L. and White, Nathan",Mexico,1
"Pollock, Lori and Mouza, Chrystalla and Guidry, Kevin R. and Pusecker, Kathleen",Australia,1
Protti A.; Madotto F.; Florio G.; Bove T.; Carlesso E.; Casella G.; Dalla Corte F.; Foti G.; Giudici R.; Langer T.; Montalto C.; Rezoagli E.; Santini A.; Terragni P.; Zanella A.; Grasselli G.; Cecconi M.,Chile,1
"Psycharis, Sarantos and Kotzampasaki, Evangelia",Spain,1
"Pulimood, Monisha",Brazil,1
"Pulimood, Sarah Monisha and Pearson, Kim and Bates, Diane C.",India,1
Q. Burke; J. Roschelle; C. Angevine; K. A. O’Donnell; K. Smith; J. Weisgrau,France,1
Q. Burke; J. Roschelle; C. Bailey; C. Angevine; J. Weisgrau; K. Mills,China,1
Q. Chen; L. Wang; P. Yu; D. Zhou,USA,1
Q. Li; B. Li,France,1
Q. Luo; S. Zhang,Spain,1
Q. Yang; M. Tang; S. Sun,Chile,1
Q. Zhang; J. Pan; S. -d. Chan; Y. Yan,Italy,1
Q. Zhao; Y. Wang; Q. Liu,Spain,1
"Quan, Yujuan and Liu, Xiaoli and Lin, Longxin",USA,1
R. A. Fiorini,Australia,1
R. A. Fiorini,Canada,1
R. A. Fiorini,France,1
R. A. Fiorini,Italy,2
R. Almeida; T. Pessoa,USA,1
R. Almeida; T. Pessoa; A. Gomes,Brazil,1
R. Araújo; E. Anjos; D. R. Silva,Brazil,1
R. B. Silva-López; J. Fallad; J. A. Reyes-Ortiz; M. Bravo; J. Rodriguez,Canada,1
R. Banerjee; J. Tarazi; M. J. A. Ahli,India,1
R. Banerjee; S. K. Pal,Japan,1
R. Burbaitė; V. Drąsutė; V. Štuikys,UK,1
R. Costa; A. C. Neto; C. Araújo; P. R. Henriques,Australia,1
R. D. Handayani; A. D. Lesmono; S. B. Prastowo; B. Supriadi; N. M. Dewi,UK,1
R. D. Handayani; S. B. Prastowo; Jamalludin; Triyanto; M. A. Thohir,USA,1
R. Delgado; S. Yacchirema; F. Coral; J. Celi,Japan,1
R. Dias; A. Costa; J. Malaquias; M. Camara,Australia,1
R. F. Z. Muñoz; J. A. H. Alegría; G. Robles,Canada,1
R. Folk; G. Lee; A. Michalenko; A. Peel; E. Pontelli,Japan,1
R. G. Patil; S. Z. Ali,Germany,1
R. Giles; P. Tamayo,China,1
R. Herrero-Álvarez; E. Callejas-Castro; G. Miranda; C. León,Mexico,1
R. Herrero-Álvarez; G. Miranda; C. León; E. Segredo,Italy,1
R. Ismail; T. A. Steinbach; C. S. Miller,India,1
R. J. Haddad; Y. Kalaani,France,1
R. J. Ramteke; S. S. Gharde; D. D. Bage; A. P. Dongre,UK,1
R. J. Rao; C. Stewart; A. Perez; S. M. Renganathan,UK,1
R. J. Toedte; M. Aydeniz,UK,1
R. Juan,India,1
R. Juxiang; N. Zhihong,China,1
R. K. Swain; N. K. Kamila; B. B. Misra,Japan,1
R. Kong; G. K. W. Wong,Australia,1
R. Larimore; A. Yadav; K. Rich; N. Shah,Spain,1
R. M. Gazoni,Chile,1
R. M. Leite; R. Barwaldt; D. B. Espíndola; M. Pias,Italy,1
R. Marciano; S. Agarrat; H. Frisch; M. R. Hunt; K. Jain; G. Kocienda; H. Krauss; C. Liu; M. McKinley; D. Mir; C. Mullane; E. Patterson; D. Pradhan; J. Santos; B. Schams; H. S. Y. Shiue; A. J. Silva; M. Suri; T. Turabi; M. Vasselli; J. Xu,UK,1
R. Marciano; W. Underwood; M. Hanaee; C. Mullane; A. Singh; Z. Tethong,Spain,1
R. Maruyama; M. Kayama; T. Nagai; K. Otaku; N. Taguchi,India,1
R. Mihalcea; C. Strapparava,France,1
R. Motschnig; D. Pfeiffer; A. Gawin; P. Gawin; M. Steiner; L. Streli,Italy,1
R. Munoz; R. Villarroel; T. S. Barcelos; F. Riquelme; Á. Quezada; P. Bustos-Valenzuela,China,1
R. Munoz; T. S. Barcelos; R. Villarroel; I. F. Silveira,India,1
R. Munoz; T. Schumacher Barcelos; R. Villarroel,USA,1
R. Niousha; D. Saito; H. Washizaki; Y. Fukazawa,India,1
R. Nobnop; N. Chondamrongkul; P. Temdee,Australia,1
R. Oxman,Japan,1
R. P. Curasma; H. Paucar Curasma,India,1
R. P. Curasma; K. O. Villalba-Condori; N. J. Jara; R. Q. Llamoca; J. C. C. Chávez; M. D. P. Ponce-Aranibar,Chile,1
R. P. Curasma; N. J. Jara; H. P. Curasma; V. C. Ornetta,Australia,1
R. Paucar-Curasma; K. O. Villalba-Condori; N. J. Jara; R. Q. Llamoca; R. F. U. Tovar; K. F. C. Malpartida,China,1
R. Quintero-Manes; C. Vieira; N. Hernandez-Vargas,Brazil,1
R. Ravikumar; P. Sadhwani,Mexico,1
R. Sasamal; R. K. Shial,Canada,1
R. Sharma; B. Ribeiro; A. M. Pinto; F. A. Cardoso,Australia,1
R. Sharma; B. Ribeiro; A. M. Pinto; F. A. Cardoso,India,1
R. Sharma; B. Ribeiro; A. Miguel Pinto; F. Amílcar Cardoso,Spain,1
R. Sharma; S. Palaskar; A. W. Black; F. Metze,Spain,1
R. Tao; J. Tian; Y. Liang,Germany,1
R. Trujillo-Cabezas,Chile,1
R. Vinayakumar; K. P. Soman; P. Menon,Argentina,1
R. Vinayakumar; K. Soman; P. Menon,Argentina,1
R. Vinayakumar; K. Soman; P. Menon,Australia,1
R. Vinayakumar; K. Soman; P. Menon,Canada,1
R. Vinayakumar; K. Soman; P. Menon,Germany,1
R. Vinayakumar; K. Soman; P. Menon,Italy,1
R. Vinayakumar; K. Soman; P. Menon,Spain,2
R. W. Vuduc; K. Czechowski; A. Chandramowlishwaran; J. W. Choi,France,1
R. Y. -Y. Chan; V. Y. H. Choi; Q. Cao; M. L. H. Wong; S. Yan; C. K. Y. Chan,Spain,1
R. Yanna; L. Suhong,Japan,1
R. Ősz; J. Fodor,China,1
Rahman A.; Noviarini C.; Suryawan I.W.K.; Septiariva I.Y.,Canada,1
"Ram\'{\i}rez-Montoya, Mar\'{\i}a Soledad and Buenestado-Fern\'{a}ndez, Mariana and Ibarra-Vazquez, Gerardo",Chile,1
Ramezani K.; dehaj F.M.; Hosseinzadeh Hejazi S.A.,Spain,1
"Rangel, Alessandra and Coenraad, Merijke and Ruiz, Pati and Dunbar, Kyle and Milenkovic, Lisa and Arriola, Sheryl and Marousky, Annmargareth",Canada,1
"Ranjan, Krithik and Gyory, Peter and Rivera, Michael L and Do, Ellen Yi-Luen",India,1
"Ray, Meg",Argentina,1
Razi N.F.M.; Sarkam N.A.; Mohammad N.H.; Azmi A.Z.; Wahab J.A.; Baharun N.H.,Australia,1
"Relkin, Emily",Canada,1
Ren S.; Liu X.; Huang Y.; Zhu C.; Zhu W.; Dong H.,USA,1
Ren Yiwei; Ren Xia,Chile,1
"Repenning, Alexander",Chile,1
"Rich, Kathryn M.",Germany,1
"Rich, Peter J. and Egan, Garrett and Ellsworth, Jordan",India,1
"Ritter, Frauke and Standl, Bernhard",China,1
"Rode, Jennifer A. and Marshall, Andrea and Weibert, Anne and Aal, Konstantin and von Rekowski, Thomas and Elmimouni, Houda and Sharma, Akshay and Jobs, Jordan and Schleeter, Alexis and Booker, Jennifer",Australia,1
"Rode, Jennifer A. and Weibert, Anne and Marshall, Andrea and Aal, Konstantin and von Rekowski, Thomas and Elmimouni, Houda and Booker, Jennifer",Germany,1
"Rodriguez, Brandon and Kennicutt, Stephen and Rader, Cyndi and Camp, Tracy",USA,1
"Rojas L\'{o}pez, Arturo and Garc\'{\i}a-Pe\~{n}alvo, Francisco Jos\'{e}",Chile,1
"Rojas-L\'{o}pez, Arturo and Garc\'{\i}a-Pe\~{n}alvo, Francisco J.",UK,1
"Rojas-L\'{o}pez, Arturo and Garc\'{\i}a-Pe\~{n}alvo, Francisco J.",USA,1
"Rojas-L\'{o}pez, Arturo and Garc\'{\i}a-Pe\~{n}alvo, Francisco Jos\'{e}",Chile,1
"Rom\'{a}n-Gonz\'{a}lez, Marcos and P\'{e}rez-Gonz\'{a}lez, Juan-Carlos and Moreno-Le\'{o}n, Jes\'{u}s and Robles, Gregorio",Argentina,1
"Rowe, Elizabeth and Asbell-Clarke, Jodi and Baker, Ryan and Gasca, Santiago and Bardar, Erin and Scruggs, Richard",Argentina,1
"Rowe, Elizabeth and Asbell-Clarke, Jodi and Cunningham, Kathryn and Gasca, Santiago",Brazil,1
"Rowe, Elizabeth and Asbell-Clarke, Jodi and Gasca, Santiago and Cunningham, Kathryn",India,1
Rozani N.H.A.; Tap F.M.; Majid F.A.A.; Mokhtar N.A.; Khairudin N.B.A.,Chile,1
"Ryu, Miyoung and Han, SeonKwan",Argentina,1
S. -Y. Wu,India,1
S. A. Buchanan; J. L. Wachtel; J. A. Stevenson,Italy,1
S. A. Buchanan; K. F. Gracy; J. Kitchens; R. Marciano,Mexico,1
S. Aathreya; L. Jivnani; S. Srivastava; S. Hinduja; S. Canavan,Japan,1
S. Arwatchananukul; P. Jakkaew; W. Intayoad; N. Aunsri,India,1
S. Chai; W. Ying; R. Wan,India,1
S. Chernyshenko,Australia,1
S. Chookaew; S. Howimanporn; P. Pratumsuwan; S. Hutamarn; W. Sootkaneung; C. Wongwatkit,Mexico,1
S. Davies,Germany,1
S. De,Japan,1
S. Erete; N. Pinkard; C. K. Martin; J. Sandherr,UK,1
S. Fan; J. Song; Y. Zhang; Z. He,Chile,1
S. Feng; D. Yang,Spain,1
S. Fidanova; O. Roeva; M. Ganzha,Brazil,1
S. Ghosh; A. Konar; A. K. Nagar,Japan,1
S. Ghosh; L. Ghosh; A. Konar; A. K. Nagar,Japan,1
S. Gross; M. Kim; J. Schlosser; C. Mohtadi; D. Lluch; D. Schneider,Argentina,1
S. H. Rubin,Chile,1
S. Hug; S. Eyerman; R. Cota; E. Pontelli,Mexico,1
S. I. Ching Wang; E. Zhi Feng Liu; Y. Y. Huang; H. Yu Sang,Spain,1
S. Jacob; C. Baek; M. Warschauer,Japan,1
S. Jacob; H. Nguyen; D. Richardson; M. Warschauer,Argentina,1
S. Jacob; H. Nguyen; L. Garcia; D. Richardson; M. Warschauer,Italy,1
S. Jiang; G. K. W. Wong,Mexico,1
S. Kim; S. Han; H. Kim,India,1
S. Kumar; Y. H. K; N. Kumar Sharma; M. Bajaj; D. Naithani; M. Maindola,UK,1
S. L. Hepner; T. E. Carlson,Spain,1
S. L. Ong; J. P. W. Ling,China,1
S. Li; J. Z. Li; F. Hardley,Argentina,1
S. M. S. Azman; M. Arsat; H. Mohamed,Germany,1
S. M. Tisha; R. A. Oregon; G. Baumgartner; F. Alegre; J. Moreno,Spain,1
S. Maghsudi; M. Davy,USA,1
S. Marsella; J. Gratch; N. Wang; B. Stankovic,Australia,1
S. N. Mwendia,USA,1
S. Ozawa; A. Minato; M. Itaba; S. Murayama; S. B. Quarmal,USA,1
S. P. Francis; V. Kanikkolil; K. Achuthan,Argentina,1
S. Pacheco-Portuguez; A. Gonzalez-Torres; L. Sancho-Chavarria; I. Trejos-Zelaya; J. Monge-Fallas; J. Navas-Su; A. J. Cañas; A. Rodríguez; C. A. Chinchilla,Italy,1
S. Papavlasopoulou; M. N. Giannakos; L. Jaccheri,Brazil,1
S. Prokhorov; I. Kulikovskikh,Australia,1
S. Psycharis; K. Kalovrektis; A. Xenakis; I. Paliokas; M. Patrinopoulos; P. Georgiakakis; P. Iatrou; P. Theodorou; T. Papageorgiou; V. Ntourou,UK,1
S. Reiser; R. Bruce,Italy,1
S. Rijo-García; E. Segredo; C. León,Canada,1
S. S. Rawat; L. Rajamani,UK,1
S. Saenboonsong; A. Poonsawad,UK,1
S. Se; Ashwini B; A. Chandran; Soman K.P,Australia,1
S. Sonsilphong; A. Sonsilphong; D. Hormdee; P. Sae-Joo,France,1
S. Swaid; T. Suid,India,1
S. Taylor; W. Min; B. Mott; A. Emerson; A. Smith; E. Wiebe; J. Lester,Australia,1
S. Trilles; A. Monfort-Muriach; E. Cueto-Rubio; C. López-Girona; C. Granell,UK,1
S. Ubaydullayeva; D. Ubaydullayeva; R. Gaziyeva; Z. Gulyamova; G. Tadjiyeva; N. Kadirova,Argentina,1
S. Wu,Canada,1
S. X. Yin,Canada,1
S. Xue; D. Shen; E. Zhang; D. Bao,Mexico,1
S. Yamashita; S. Takato,Italy,1
S. Yao; Q. Guo,China,1
S. Zhang; C. Stewart,Brazil,1
S. Zhang; G. K. W. Wong,Spain,1
S. Zhang; G. K. W. Wong; G. Pan,Canada,1
S. Zhang; X. Fang; F. Yuan; T. Zhou,Spain,1
S. Zhao; G. Zhao; Q. Wang,Brazil,1
"S\o{}rensen, Marie-Louise Stisen Kjerstein and Fog, Bjarke Vognstrup and Musaeus, Line Have and Petersen, Marianne Graves",Germany,1
"Sabitzer, Barbara and Demarle-Meusel, Heike",USA,1
"Sabitzer, Barbara and Demarle-Meusel, Heike and Rottenhofer, Marina",Spain,1
"Saito-Stehberger, Dana",Japan,1
"Saito-Stehberger, Dana and Garcia, Leiny and Warschauer, Mark",China,1
"Salac, Jean and Eatinger, Donna and Franklin, Diana",Brazil,1
"Salac, Jean and Thomas, Cathy and Butler, Chloe and Franklin, Diana",Chile,1
"Salac, Jean and Thomas, Cathy and Butler, Chloe and Franklin, Diana",China,1
"Santisteban, Julio and Santisteban-Mu\~{n}oz, Jennifer",France,1
"Saqr, Mohammed and Ng, Kwok and Oyelere, Solomon sunday and Tedre, Matti",France,1
"Saraiva, In\^{e}s and Martins, Nuno and Sylla, Cristina Maria",Brazil,1
"Sayler, Ben and Anderson, Ann and Caffee, Hannah and Carroll, Becky and Hammel, Koreen and Her Many Horses, Ian and Kertzman, Deann and Lange, Pamela and Myers, Rebecca and Reiner, Nicol and Uhre-Balk, Nicole and Webber, Kimberly",Australia,1
"Scheppegrell, Lindsey and Hiatt, Elyse and Okerlund, Johanna and Wilson, David",France,1
"Schmidthaler, Eva and Schalk, Maritta and Schmollm\""{u}ller, Matthias and Sabitzer, Barbara and Andjic, Branko and Lavicza, Zsolt",France,1
"Scirea, Marco and Valente, Andrea",Australia,1
"Selby, Cynthia C.",Argentina,1
"Semiawan, Transmissia",China,1
"Senske, Nick",Germany,1
"Seoane-Pardo, Antonio M.",Argentina,1
"Sep\'{u}lveda-D\'{\i}az, Carla and Stuardo Rojas, Elson and Simmonds, Jocelyn and Gutierrez, Francisco J. and Hitschfeld, Nancy and Casanova, Cecilia and Sotomayor, Cecilia",India,1
"Settle, Amber",Canada,1
"Shafer, Jennifer and Skripchuk, James",Brazil,1
Shakir A.A.A.A.; Adzhar N.,Brazil,1
Shames M.A.; Kamil M.Y.,Chile,1
"Shen, Wenyao and Zhan, Zehui and Li, Chen and Chen, Han and Shen, Ranhao",USA,1
"Sheridan, Scott and Alkhateeb, Bataul and Mouza, Chrystalla and Yang, Hui",Brazil,1
"Sherman, Mark and Martin, Fred",Japan,1
"Sherwood, Heather and Kaiser, Alice and Ferguson, Camille and Negron, Anthony and Ferrer, Ray and Labonte, Don",Japan,1
"Sherwood, Heather and Moeller, Babette and Fancsali, Cheri",Argentina,1
"Sherwood, Heather and Yan, Wei and Liu, Ruohan and Martin, Wendy and Adair, Alexandra and Fancsali, Cheri and Rivera-Cash, Edgar and Pierce, Melissa and Israel, Maya",China,1
"Shih, Wen-Chung",Germany,1
Shuiyan He; Yongmin Hang; Yi Ding,UK,1
Siaviki A.; Tympa E.; Karavida V.; Fykaris I.,Canada,1
Siewchaisakul P.; Sirikarn P.; Phimha S.; Narom N.; Singweratham N.; Yimcharoen M.; Boonchieng W.; Longkul J.; Wungrath J.,Italy,1
"Sim\~{o}es Gomes, Tanci and Pontual Falc\~{a}o, Taciana and Tedesco, Patricia",UK,1
"Simmonds, Jocelyn and Diaz, Constanza and Estay, Carlos",USA,1
"Simmonds, Jocelyn and Gutierrez, Francisco J. and Casanova, Cecilia and Sotomayor, Cecilia and Hitschfeld, Nancy",Spain,1
"Simmonds, Jocelyn and Gutierrez, Francisco J. and Hitschfeld, Nancy and Torrent, Catalina and Casanova, Cecilia and Toro-Guajardo, Sebasti\'{a}n and Mu\~{n}oz, Valent\'{\i}n",Argentina,1
"Simmonds, Jocelyn and Gutierrez, Francisco J. and Meza, Federico and Torrent, Catalina and Villalobos, Jaime",Chile,1
"Simmonds, Jocelyn and Hitschfeld-Kahler, Nancy and Scheihing, Eliana and Henriquez, Valeria and Munoz, Valentin and Casanova, Cecilia and Torrent, Catalina and Contreras, Paulo and Mercado, Karen and Estrada, Daniel and Marquez, Lucia",Spain,1
Singh A.K.; Pamula R.; Akhter N.; Battula S.K.; Naha R.; Chowdhury A.; Kaisar S.,India,1
"Sinha, Ravi and Swanson, Hillary and Clarke-Midura, Jody and Shumway, Jessica F. and Lee, Victor R. and Chandrasekharan, Sanjay",France,1
"Slaviero, Cleyton and Haeusler, Edward Hermann",Italy,1
"Smith, Rebecca and Rixner, Scott",UK,1
"Soleimani, Arash and Green, Keith Evan and Herro, Danielle and Walker, Ian D.",Japan,1
"Sondakh, Debby E. and Osman, Kamisah and Zainudin, Suhaila",USA,1
Song Ning; Ma Yan,Japan,1
Song Z.; Lee P.J.; Sarwono S.J.; Hidayati N.,Australia,1
"Soppa Geremias, Matheus and Cerigueli Dutra, Taynara and Maschio, Eleandro and Gasparini, Isabela",USA,1
"Sosa, Ricardo and Gibbons, Andrew and O'Riordan, Emma and Iorangi, Keu and Crowe, Andy and Gibson, Leanne and Harris, Sam and Badenhorst, Daniel",Italy,1
"Spangsberg, Thomas Hvid and Brynskov, Martin",Spain,1
Stanca L.; Dabija D.-C.; Câmpian V.,Argentina,1
"Standl, Bernhard",USA,1
Stevens E.R.; Fawole A.; Rostam Abadi Y.; Fernando J.; Appleton N.; King C.; Mazumdar M.; Shelley D.; Barron C.; Bergmann L.; Siddiqui S.; Schatz D.; McNeely J.,Chile,1
Subekti S.; Ana A.; Muktiarni M.; Ismail A.; Masek A.,Brazil,1
"Suh, Sangho and An, Pengcheng",USA,1
"Sunday, Amos Oyelere",USA,1
"Susanti, Reni Dwi and Lukito, Agung and Ekawati, Rooselyna",Italy,1
"Sys\l{}o, Maciej M.",China,1
T. -C. Hsu; C. Chang; Y. -S. Liang,Australia,1
T. -C. Hsu; C. Chang; Y. -S. Liang,Canada,1
T. -C. Hsu; L. -H. Wong; G. P. Aw,Italy,1
T. -H. S. Li; P. -H. Kuo; Y. -F. Ho; C. -Y. Liu; T. -C. Yu; Y. -T. Ye; C. -Y. Chang; G. -Y. Chen; C. -W. Chien; W. -C. Chen; L. -F. Wu; N. -C. Fang,USA,1
T. -K. Chen; A. Chowanda; Y. Udjaja; H. -L. Fang,Chile,1
T. . -J. Lin; I. H. Yeter; S. Jiang; O. Yaşar; C. . -K. Looi,Mexico,1
T. Back; M. Emmerich; O. M. Shir,China,1
T. Burgett; R. Folk; J. Fulton; A. Peel; E. Pontelli; V. Szczepanski,Spain,1
T. C. Dutra; D. Felipe; I. Gasparini; E. Maschio,Australia,1
T. Carvalho; D. Andrade; J. Silveira; V. Auler; S. Cavalheiro; M. Aguiar; L. Foss; A. Pernas; R. Reiser,Germany,1
T. Coughlin,USA,1
T. Dyubina; N. Pachina; J. Gorodova; G. Pachin,Japan,1
T. Gomi; W. Pedrycz; J. F. Peters; S. Ramanna,Australia,1
T. Guo; Y. Li; M. Lu; Y. Guo,Brazil,1
T. Havlásková; Z. Homanová; D. Tran,Germany,1
T. Jagušt; A. S. Krzic; G. Gledec; M. Grgić; I. Bojic,USA,1
T. Lertlapnon; N. Lueangrungudom; S. Vittayakorn,USA,1
T. Lowe; S. Brophy,Mexico,1
T. Nakamura; T. Kawasaki,Japan,1
T. Phetsrikran; W. Massagram; T. Phoka; A. Harfield,UK,1
T. Ringenberg; A. J. Magana,Australia,1
T. Roska,Brazil,1
T. S. Barcelos; I. F. Silveira,Mexico,1
T. S. Deng,Italy,1
T. S. S. Rao; A. S. Tiwari; U. Mitra; K. K. Bhagat,Germany,1
T. Tao; Z. Funan; R. Lei; L. Yuan; C. Zekai; C. Yuezhong,France,1
T. Toivonen; I. Jormanainen; J. Kahila; M. Tedre; T. Valtonen; H. Vartiainen,Japan,1
T. Turchi; A. Malizia,Japan,1
T. Wu; M. Chang,Chile,1
T. Xue; S. He; W. Guo,Italy,1
"Tagare, Deepti",India,1
Taib S.A.T.; Abu N.; Senawi A.; Go C.K.,Spain,1
Talebi A.; Bragues G.; Hadlul S.; Sharma A.,Canada,1
"Tarr\'{e}s, Marta I. and Dorado, Antonio David",Argentina,1
"Tedre, Matti",Japan,1
"Tedre, Matti and Denning, Peter J.",USA,1
"Tian, Xinyu and Li, Chaoqian and Zhao, Yaru",Australia,1
"Tisha, Sirazum Munira and Oregon, Rufino A. and Baumgartner, Gerald and Alegre, Fernando and Moreno, Juana",Italy,1
"Tissenbaum, Mike and Sheldon, Josh and Abelson, Hal",Spain,1
Tonin P.E.H.; Nickel E.M.; dos Santos F.A.V.,USA,1
"Torres Castillo, Ruth and Valdez, Tomas and Pontelli, Enrico and Gonzalez, Horacio and Nevarez, Erick and Cota, Raena",USA,1
"Torres-Torres, Yucnary-Daitiana and Rom\'{a}n-Gonz\'{a}lez, Marcos and P\'{e}rez-Gonz\'{a}lez, Juan-Carlos",Argentina,1
"Torres-Torres, Yucnary-Daitiana and Rom\'{a}n-Gonz\'{a}lez, Marcos and P\'{e}rez-Gonz\'{a}lez, Juan-Carlos",UK,1
"Touretzky, David S.",Brazil,1
Trauer J.M.; Hughes A.E.; Shipman D.S.; Meehan M.T.; Henderson A.S.; McBryde E.S.; Ragonnet R.,Canada,1
Triyono T.; Pratiwi D.,UK,1
"Troiano, Giovanni Maria and Chen, Qinyu and Alba, \'{A}ngela Vargas and Robles, Gregorio and Smith, Gillian and Cassidy, Michael and Tucker-Raymond, Eli and Puttick, Gillian and Harteveld, Casper",Canada,1
"Tsarava, Katerina and Leifheit, Luzia and Ninaus, Manuel and Rom\'{a}n-Gonz\'{a}lez, Marcos and Butz, Martin V. and Golle, Jessika and Trautwein, Ulrich and Moeller, Korbinian",Chile,1
"Turbak, Franklyn and Martin, Fred and Pokress, Shaileen Crawford and Morelli, Ralph and Sherman, Mark and Wolber, David",Japan,1
"Turbak, Franklyn and Pokress, Shaileen Crawford and Sherman, Mark",France,1
"Turner, Scott",France,1
"Tyr\'{e}n, Markus and Carlborg, Niklas and Heath, Carl and Eriksson, Eva",UK,1
U. Norman; A. Chin; B. Bruno; P. Dillenbourg,Canada,1
"Urrutia, Elizabeth K. Morales and Oca\~{n}a, Jos\'{e} Miguel and P\'{e}rez-Mar\'{\i}n, Diana and Tamayo, Silvia",Canada,1
V. A. Narayanan; C. K. Shyamala; C. S. Velayutham,Japan,1
V. A. Narayanan; C. K. Shyamala; C. Shunmuga Velayutham,USA,1
V. Chaudhary; V. Agrawal; P. Sureka; A. Sureka,Germany,1
V. G. Motti; J. Vanderdonckt,Japan,1
V. I. Dorofeeva; S. P. Stroev; D. Y. Dorofeev,India,1
V. Kulkarni; A. Chaturvedi; P. Naman; Y. Simmhan,Chile,1
V. Macko; P. Felber; K. Bergram; A. Holzer,Chile,1
V. V. M,Italy,1
V. V. Vinu Varghese; V. G. Renumol,Japan,1
V. Vasconcelos; R. Almeida; L. Marques; E. Bigotte,Spain,1
V. Winter; B. Love; M. Friend; M. Matthews,Brazil,1
V. Winter; M. Friend; M. Matthews; B. Love; S. Vasireddy,Chile,1
Vakani K.; Norbury R.; Vanova M.; Ratto M.; Parton A.; Antonova E.; Kumari V.,Chile,1
"Vanvorce, Patrick and Jamil, Hasan M.",Canada,1
Vengatesh G.; Vinushya N.; Jeyaprakash G.M.; Mohini A.; Mondal P.; Reddy R.; Shriram Z.O.,Brazil,1
"Villalba-Condori, Klinge Orlando and Cuba-Sayco, Sonia Esther Castro and Ch\'{a}vez, Evelyn Paola Guillen and Deco, Claudia and Bender, Cristina",Argentina,1
"Vourletsis, Ioannis and Politis, Panagiotis",Italy,1
W. -J. Dai; M. -C. Li; C. -M. Chen; M. -Y. Huang,Italy,1
W. -Y. Huang; C. -F. Hu; C. -C. Wu,Canada,1
W. Akili,Germany,1
W. C. Choi; I. C. Choi,Brazil,1
W. Cao; H. Feng; L. Ding; J. Wang; S. Wang,Canada,1
W. Chun-Hong; W. Qiao-Ling,Canada,1
W. Deng; X. Huang; Q. Liu; Z. Wang,France,1
W. Duch,China,1
W. Huang; Z. Deng; D. Rongsheng,China,1
W. M. Clark; D. DiBiasio,Argentina,1
W. Min; B. Mott; K. Park; S. Taylor; B. Akram; E. Wiebe; K. E. Boyer; J. Lester,China,1
W. Phatarametravorakul; S. Cheevanantaporn; P. Jamsri,India,1
W. Prompolmaueng; A. Wetmaha; P. Jamsri,India,1
W. Schulz,Chile,1
W. Sieg,Argentina,1
W. Song; G. Zhang,India,1
W. Underwood; D. Weintrop; M. Kurtz; R. Marciano,India,1
W. Underwood; J. Gage,China,1
W. Underwood; R. Marciano,Mexico,1
W. Wei,Mexico,1
W. Wu; R. Liu; J. Chu,Argentina,1
W. Xiduo; L. Jialin; Z. Zhizhen,Argentina,1
W. Yongfen; C. Weiwei; L. Zhigang; L. Yong; S. Lei; L. Ying,Argentina,1
W. Yunianto; G. Bautista; R. C. Indra Prahmana; Z. Lavicza,Spain,1
W. Zhang; L. Song; X. Zeng; P. Li,Japan,1
W. Zhang; X. Zeng; D. Ming; J. Wang,Chile,1
"Wagh, Aditi and Gravel, Brian and Tucker-Raymond, Eli",Germany,1
"Walden, James and Doyle, Maureen and Garns, Rudy and Hart, Zachary",Mexico,1
Wang D.; Shen Y.; Wu J.; Li Y.; Ma K.; Jiang G.; Li X.; Qin H.; Chen K.; Wu Z.; Guan M.,China,1
Wang K.; Fan H.; Zhu Y.,USA,1
Wang M.; Wang S.; Zhang R.; Yuan M.; Xu Y.; Shang L.; Song X.; Zhang X.; Zhang Y.,France,1
"Wang, Gang and Wang, Hung-Hsiang",Canada,1
"Wang, Juan and Bai, Xinye and Xiang, Qianchen and An, Langsha and Cai, Minghan and He, Chunlin",France,1
"Wang, Wenxue",Germany,1
Wartika; A. P. Ulfah; Wahyuni; L. Melian; N. Hasti; M. A. Alfariski,China,1
"Wei, Wei and Ha, Jesse and Gomez, Kimberley and Ghosh, Anuradha",USA,1
"Weintrop, David and Walkoe, Janet and Walton, Margaret and Bih, Janet and Moon, Peter and Elby, Andrew and Bennett, Bianca and Kantzer, Madison",Canada,1
Wen J.; Huo Z.; Xu X.; Zhang L.; Liu X.,Italy,1
Whitmore C.,Brazil,1
"Wiebe, Eric and London, Jennifer and Aksit, Osman and Mott, Bradford W. and Boyer, Kristy Elizabeth and Lester, James C.",Italy,1
"Wing, Jeannette",Mexico,1
"Wing, Jeannette M. and Stanzione, Dan",Germany,1
"Winter, Victor and Sherwin, Kate",Germany,1
"Witherspoon, Eben B. and Higashi, Ross M. and Schunn, Christian D. and Baehr, Emily C. and Shoop, Robin",Japan,1
Wu H.; Zhao Y.; Xu X.; Lou J.,Argentina,1
X. -Y. Zhang; Y. -J. Gong; Y. Lin; J. Zhang; S. Kwong; J. Zhang,Japan,1
X. Basogain; M. A. Olabe; J. C. Olabe; R. Ramírez; M. Del Rosario; J. Garcia,Mexico,1
X. Bo; Y. Tang,China,1
X. Chai; Y. Sun; H. Luo; M. Guizani,Australia,1
X. Cui; R. Dai,Australia,1
X. Dong; J. Jia,Chile,1
X. Gang; R. RongRong,Germany,1
X. Huang; L. Wang; J. Ruan; S. Wu; D. Li,China,1
X. J. Li; S. Q. Liu; T. Pan; B. R. Chen; L. Zhao; M. M. Wang,China,1
X. Li; C. Gu,Argentina,1
X. Li; H. Xiang; M. Zhao; X. Zhou; J. Huang,Argentina,1
X. Liu; H. -m. Guo; C. -g. Meng,UK,1
X. Liu; H. Xu,Germany,1
X. Liu; W. Sun; J. Zhang,Italy,1
X. P. I. Palomés; J. Verdaguer-Codina; P. F. I. Casas; J. L. Rubiés-Viera,USA,1
X. Ren; T. Cai; H. Wang; D. Yang,Mexico,1
X. Wang; D. Saito; H. Washizaki; Y. Fukazawa,UK,1
X. Wang; J. Zheng; J. Zhao; S. Lin,Germany,1
X. Wang; X. Zou; W. Yin; Q. Li; L. Zhang; L. Hong,Chile,1
X. Wei; Q. Zhang,Chile,1
X. Weng; G. K. W. Wong,Japan,1
X. Xia,China,1
X. Yang; H. Yang; J. Huang; Z. Fang,India,1
X. Yi; F. Liu; Z. Zhan,France,1
X. Zeng; W. Zhang; Y. Chen; H. Chen,Italy,1
X. Zhang; E. Aivaloglou; M. Specht,Australia,1
X. Zhang; H. Zou,Chile,1
X. Zhang; X. Mao; Y. Yin; C. Chai; T. Zhang,Germany,1
X. Zhang; Z. Liu,Japan,1
X. Zhou,Australia,1
X. Zhou; W. Zhang; S. Wang; H. Chen,Mexico,1
"Xiao, Ningchuan",USA,1
"Xin, Yue and Kramarczuk, Kristina Anna and Mak, Janice and Terrell Shockley, Ebony and Ketelhut, Diane Jass",Australia,1
Xingcheng Z.; Jun W.; Ming L.,Japan,1
Xu Y.-L.; Li X.-J.; Cai W.; Yu W.-Y.; Chen J.; Lee Q.; Choi Y.-J.; Wu F.; Lou Y.-J.; Ying H.-Z.; Yu C.-H.; Wu Q.-F.,India,1
"Xu, Yan and Peters, Joseph and Kirkpatrick, Arthur and O'Neil, Kevin",UK,1
"Xu, Yiyi and Liu, Pengfei and Tang, Peihe",Italy,1
Y. -A. Caballero-González; L. Muñoz; A. G. -V. Muñoz-Repiso,China,1
Y. -D. Torres-Torres; M. Román-González; J. -C. Pérez-González,Germany,1
Y. -S. Su; X. Wang; L. Zhao,Germany,1
Y. -T. Chang; S. -C. Chen; T. -Y. Li,France,1
Y. A. C. González; A. G. -V. Muñoz-Repiso,Brazil,1
Y. Anistyasari; E. Ekohariadi; I. G. P. Asto Buditjahjanto; S. C. Hidayati,UK,1
Y. Bo,Spain,1
Y. Caballero-Gonzalez,Chile,1
Y. Chen; Y. Zhao; M. Wang,Canada,1
Y. Du; S. Yue; X. Zhang,Japan,1
Y. He; H. Yang; H. He; X. Zheng,Spain,1
Y. He; W. Deng; M. Liu,Argentina,1
Y. Huansong; W. Jia’En; S. Mengting,Argentina,1
Y. Jin; J. Sun; H. Ma; X. Wang,Italy,1
Y. Li,India,1
Y. Li; X. Cui; R. Dai,Japan,1
Y. Li; Y. Liu; P. Shu,Germany,1
Y. Liu,Australia,1
Y. Liu,USA,1
Y. Liu; F. Dong; R. Zhang; R. Xiao,Brazil,1
Y. Liu; J. Rojas,Argentina,1
Y. Luo; J. Yu; X. Cheng,Chile,1
Y. Miyake; Y. Onishi; E. Popper,Canada,1
Y. Miyata; T. Furnhashi; Y. Uchikawa,Australia,1
Y. Oomori; H. Tsukamoto; H. Nagumo; Y. Takemura; K. Iida; A. Monden; K. -i. Matsumoto,Brazil,1
Y. Papadopoulos; S. Tegos,Germany,1
Y. Qu; X. Wang,Mexico,1
Y. Sasaki; M. Fukui; T. Hirashima,USA,1
Y. Tang; W. Chen; Z. Li; L. Shi; Y. Wu,India,1
Y. Tang; X. Ma,Japan,1
Y. Wang,Brazil,1
Y. Wang,France,1
Y. Wang,Germany,1
Y. Wang,Japan,1
Y. Wang,Spain,1
Y. Wang; J. Xu; J. Pan,Brazil,1
Y. Wang; L. Xu,India,1
Y. Wang; S. Li,India,1
Y. Wang; W. Zhou; L. Lu,China,1
Y. Wang; Y. Zhang; A. Mao; J. Wang; N. Li,France,1
Y. Wei; C. Du,Germany,1
Y. Xu; F. Zhao,Mexico,1
Y. Yang; C. Augustine; C. Werts; Y. Wang; J. Sherwin,USA,1
Y. Yao,USA,1
Y. Zeng,Brazil,1
Y. Zhang; G. K. W. Wong,Spain,1
Y. Zhao; C. Zhang; X. Chen; X. Luo,Spain,1
Y. Zhong; Y. Zhong,Canada,1
Y. Zhou; J. Sun; J. Zhang; B. Jing; H. Ma; X. Li; Y. Han,France,1
Y. Zhu; Y. Tan; R. Li; X. Luo,Japan,1
Y. j. Zhao; C. y. Zhang; Li Min jie; J. Wang,Chile,1
"Ya\c{s}ar, Osman",Canada,1
"Yadav, Aman and Caeli, Elisa Nadire and Ocak, Ceren and Macann, Victoria",Brazil,1
"Yadav, Aman and Mayfield, Chris and Zhou, Ninger and Hambrusch, Susanne and Korb, John T.",Italy,1
"Yadav, Aman and Stephenson, Chris and Hong, Hai",Argentina,1
"Yadav, Aman and Zhou, Ninger and Mayfield, Chris and Hambrusch, Susanne and Korb, John T.",Canada,1
"Yal\c{c}in, \""{O}zge Nilay and Lalle, Sebastien and Conati, Cristina",France,1
"Yamaguchi, Ryoko and Eaton, Cyntrica",Canada,1
Yan Cui; Xin-Rong Li; Jun-Tao Wang,UK,1
Yan Y.; Simons S.O.; van Bemmel L.; Reinders L.G.; Franssen F.M.E.; Urovi V.,India,1
"Yan, Wei and Liu, Ruohan and Israel, Maya and Sherwood, Heather and Fancsali, Cheri and Pierce, Melissa",Argentina,1
Yang Benluo; Li Shuguang,USA,1
"Yang, Hairu and Dong, Jiamin and Li, Qiuhong and Shao, Yanru and Liu, Yuqi and Xu, Fei",France,1
"Yang, Hairu and Li, Qiuhong and Dong, Jiamin and Bai, Xinye and Cai, Minghan and Xu, Xiang",Mexico,1
"Yang, Hairu and Liang, Zhou and Ma, Mingyue and Zhang, Xiaoyu and Fu, Yan and Zhang, Yongmei",Brazil,1
"Yang, Hairu and Shao, Yanru and Liu, Yuqi and Dong, Jiamin and Li, Qiuhong and Chen, Yipan",Brazil,1
Yanli Wei; Lili Zhou,Chile,1
Yao Q.; Wen J.; Chen S.; Wang Y.; Wen X.; Wang X.; Li C.; Zheng C.; Li J.; Ma Z.; Zhan X.; Xiao X.; Bai Z.,India,1
"Yeni, Sabiha and Grgurina, Natasa and Hermans, Felienne and Tolboom, Jos and Barendsen, Erik",Mexico,1
"Yeni, Sabiha and Nijenhuis-Voogt, Jacqueline and Hermans, Felienne and Barendsen, Erik",France,1
Ying Li,UK,1
Yingpeng Zhang; Haozhong Chen; Shicai Hu; Kaige Wang; Yannan Yan,Australia,1
Yiyu Yao,Australia,1
"Yong, Lin and Zhan, Zehui and Zou, Xuanxuan and Chen, Li and Lin, Zhihang and Zhan, Weiyu",UK,1
"Yu, Junnan and Hayden, Ronni and Roque, Ricarose",Spain,1
Yu-chu Yeh,Australia,1
Yuhua Hu; P. McLaughlin,France,1
Yulianti E.; Rahman N.F.A.; Rahmadani A.; Phang F.A.; Suwono H.,France,1
Z. -A. Tareq; R. J. Raja Yusof,Japan,1
Z. Chang; Y. Sun; T. -Y. Wu; M. Guizani,Argentina,1
Z. Deng; W. Huang; R. Dong,Spain,1
Z. Deng; W. Huang; R. Dong; P. Wen,Germany,1
Z. Gao; Z. Zhao; T. Liu; X. Nan; A. Cai,Brazil,1
Z. He; H. Zhao,France,1
Z. Hui; C. Xiao,India,1
Z. Li; Y. Zhu; F. Yang,China,1
Z. Lin; M. Ke,Chile,1
Z. Liu; P. Zhou; Z. Li; M. Li,Spain,1
Z. Lixin,Japan,1
Z. M. Mitrović; A. M. Rakićević; D. č. Petrović; M. M. Mihić; J. Ð. Rakićević; E. T. Jelisić,France,1
Z. Ma; Y. Liu; M. Chen,USA,1
Z. Nasar; S. W. Jaffry,Japan,1
Z. Qu; J. Liu; L. Che; Y. Su; W. Zhang,India,1
Z. Sun; J. Liu,Japan,1
Z. Tahir; A. Ahmad Ilham; M. Niswar; D. Djamaluddin,France,1
Z. Wang,Brazil,1
Z. Wang; D. H. Zhang; W. P. He,China,1
Z. Xie; G. K. W. Wong; D. K. W. Chiu; J. Lei,Chile,1
Z. Xie; J. Radloff; G. K. W. Wong; I. H. Yeter,Germany,1
Z. Xu; X. Shen; S. Lin; F. Zhang,France,1
Z. Xue-yan; R. Xiang-min,Brazil,1
Z. Y. Jun; Z. C. Ying,China,1
Z. Yinnan; L. Chaosheng,Argentina,1
Z. Yun; M. F. Iskander,Japan,1
Z. Zhu; Y. Zhang; W. Zhu; J. Ma,Japan,1
"Zakwandi, Rizki and Istiyono, Edi",Brazil,1
"Zaman, Ulia",UK,1
Zhang H.; Zhao P.; Dou Z.; Su B.; Li Y.; Zhang N.,Chile,1
Zhang W.; Xie R.; Li J.; Wang L.; Li X.; Peng P.,France,1
Zhang X.; Zhang H.; Wang Y.; Bai P.; Zhang L.; Toriba A.; Nagao S.; Suzuki N.; Honda M.; Wu Z.; Han C.; Hu M.; Tang N.,UK,1
"Zhang, LeChen and Nouri, Jalal and Rolandsson, Lennart",Italy,1
"Zhang, Wei and Song, Lingling and Huang, Xujun and Wang, Yi",UK,1
"Zhang, Wei and Wang, Jihan and Zeng, Xinyao",India,1
"Zhang, Yifan and Krug, Douglas Lusa and Mouza, Chrystalla and Shepherd, David C. and Pollock, Lori",Italy,1
"Zhang, Yifan and Mohammad Mirzaei, Amanda and Pollock, Lori and Mouza, Chrystalla and Guidry, Kevin",China,1
"Zheng, Qi",India,1
"Zhidkikh, Denis and Fagerlund, Janne and Peltonen, Marika and Vesisenaho, Mikko",Germany,1
Zhou Jun; Y. Umetani,Canada,1
"Zhou, Qian and Luo, Xiande and Dong, Yilin and Khalid, Faiza and Ma, Hongliang",India,1
"Zipitr\'{\i}a, Sylvia da Rosa",Mexico,1
Zou Y.; Lo W.-C.; Ming W.-K.; Yuan H.-Y.,UK,1
"\v{S}iaulys, Tomas",UK,1
"\v{Z}\'{a}\v{c}ek, Martin and Smolka, Pavel",Australia,1
"de Jong, Imke",USA,1
"de Jong, Imke and Jeuring, Johan",Australia,1
"de Oliveira, Gabriela A. Araujo and Assun\c{c}\~{a}o, Oto Braz and Prates, Raquel Oliveira",UK,1
"de Souza, Clarisse S. and Salgado, Luciana C. and Leit\~{a}o, Carla F. and Serra, Martha M.",Australia,1
"van Borkulo, Sylvia and Chytas, Christos and Drijvers, Paul and Barendsen, Erik and Tolboom, Jos",Argentina,1
Á. Csiszárik-Kocsir; J. Varga,Chile,1
Á. M. M. Muñoz; S. A. C. Torres; C. C. R. Molina; W. S. V. Cardona,Italy,1
Á. Mészáros; Á. Csiszárik-Kocsir,Canada,1
Â. M. d. Jesus; I. F. Silveira,China,1
Â. M. de Jesus; I. Frango Silveira,Brazil,1
